55265 0.039664 0.031664
55266 0.041065 0.031956
55267 0.041065 0.031956
55268 0.041065 0.031956
55269 0.041065 0.031956
55270 0.041065 0.031956
55271 0.041065 0.031956
55272 0.041065 0.031956
55273 0.041065 0.031956
55274 0.041065 0.031956
55275 0.041065 0.031956
55276 0.041065 0.031956
55277 0.041065 0.031956
55278 0.041065 0.031956
55279 0.041065 0.031956
55280 0.041065 0.031956
55281 0.041065 0.031956
55282 0.041065 0.031956
55283 0.041065 0.031956
55284 0.041065 0.031956
55285 0.041065 0.031956
55286 0.041065 0.031956
55287 0.041065 0.031956
55288 0.041065 0.031956
55289 0.041065 0.031956
55290 0.041065 0.031956
55291 0.041065 0.031956
55292 0.041065 0.031956
55293 0.041065 0.031956
55294 0.041065 0.031956
55295 0.041065 0.031956
55296 0.041065 0.031956
55297 0.040885 0.031956
55298 0.041814 0.031956
55299 0.041814 0.031956
55300 0.041814 0.031956
55301 0.041814 0.031956
55302 0.041814 0.031956
55303 0.041814 0.031956
55304 0.041814 0.031956
55305 0.041814 0.031956
55306 0.041880 0.031965
55307 0.041946 0.031956
55308 0.041950 0.031965
55309 0.042087 0.031982
55310 0.041946 0.031956
55311 0.041950 0.031965
55312 0.042087 0.031956
55313 0.042087 0.031956
55314 0.042219 0.031956
55315 0.042219 0.031956
55316 0.042997 0.032048
55317 0.042997 0.032048
55318 0.042997 0.032048
55319 0.042997 0.032048
55320 0.042997 0.032048
55321 0.042997 0.032048
55322 0.042997 0.032048
55323 0.042997 0.032048
55324 0.042997 0.032048
55325 0.042997 0.032095
55326 0.043075 0.032168
55327 0.043075 0.032168
55328 0.043075 0.032168
55329 0.043075 0.032168
55330 0.043075 0.032168
55331 0.043075 0.032168
55332 0.043075 0.032168
55333 0.043075 0.032168
55334 0.043075 0.032168
55335 0.043075 0.032168
55336 0.043075 0.032168
55337 0.043075 0.032168
55338 0.043075 0.032168
55339 0.043075 0.032168
55340 0.043075 0.032168
55341 0.043075 0.032168
55342 0.043075 0.032168
55343 0.043075 0.032168
55344 0.043075 0.032168
55345 0.043071 0.032168
55346 0.042997 0.032168
55347 0.042997 0.032168
55348 0.042997 0.032168
55349 0.042997 0.032168
55350 0.043213 0.032595
55351 0.043260 0.032713
55352 0.043260 0.032713
55353 0.043260 0.032713
55354 0.043260 0.032713
55355 0.043260 0.032713
55356 0.043260 0.032713
55357 0.043260 0.032713
55358 0.043260 0.032713
55359 0.043260 0.032713
55360 0.043260 0.032713
55361 0.043260 0.032713
55362 0.043260 0.032713
55363 0.043260 0.032713
55364 0.043260 0.032713
55365 0.043260 0.032713
55366 0.043260 0.032713
55367 0.043260 0.032713
55368 0.043260 0.032713
55369 0.043260 0.032713
55370 0.043260 0.032713
55371 0.043260 0.032717
55372 0.043260 0.032717
55373 0.043260 0.032717
55374 0.043260 0.032717
55375 0.043260 0.032717
55376 0.043260 0.032717
55377 0.043553 0.032717
55378 0.044083 0.033131
55379 0.044083 0.033131
55380 0.044083 0.033131
55381 0.044083 0.033131
55382 0.044083 0.033131
55383 0.044083 0.033131
55384 0.044083 0.033131
55385 0.044083 0.033131
55386 0.044083 0.033131
55387 0.044083 0.033131
55388 0.044083 0.033131
55389 0.044083 0.033131
55390 0.044927 0.034414
55391 0.045195 0.034584
55392 0.045195 0.034584
55393 0.045195 0.034584
55394 0.045195 0.034584
55395 0.045195 0.034584
55396 0.045195 0.034584
55397 0.045195 0.034584
55398 0.045195 0.034584
55399 0.045195 0.034584
55400 0.045195 0.034584
55401 0.045195 0.034584
55402 0.045195 0.034584
55403 0.045195 0.034584
55404 0.045195 0.034584
55405 0.045353 0.034796
55406 0.046960 0.034914
55407 0.046960 0.034914
55408 0.046960 0.034914
55409 0.046960 0.034914
55410 0.046960 0.034914
55411 0.046960 0.034914
55412 0.046960 0.034914
55413 0.046960 0.034914
55414 0.046960 0.034914
55415 0.046960 0.034914
55416 0.046960 0.034914
55417 0.046960 0.034914
55418 0.046960 0.034914
55419 0.046960 0.034914
55420 0.046960 0.034914
55421 0.046960 0.034914
55422 0.046960 0.034914
55423 0.046960 0.034914
55424 0.046987 0.036004
55425 0.046987 0.036004
55426 0.046987 0.036004
55427 0.046987 0.036004
55428 0.046987 0.036004
55429 0.046987 0.036004
55430 0.047240 0.036639
55431 0.047323 0.036901
55432 0.047323 0.036901
55433 0.047323 0.036901
55434 0.047323 0.036901
55435 0.047323 0.036901
55436 0.047323 0.036901
55437 0.047323 0.036901
55438 0.047323 0.036901
55439 0.047323 0.036901
55440 0.047323 0.036901
55441 0.047323 0.036901
55442 0.047323 0.036901
55443 0.047323 0.036901
55444 0.047323 0.036901
55445 0.047323 0.036901
55446 0.047323 0.036901
55447 0.047323 0.036901
55448 0.047323 0.036901
55449 0.047323 0.036901
55450 0.047323 0.036901
55451 0.047323 0.036901
55452 0.047323 0.036901
55453 0.047580 0.036901
55454 0.047580 0.036901
55455 0.047580 0.036901
55456 0.047580 0.036901
55457 0.047580 0.036901
55458 0.047580 0.036901
55459 0.047580 0.036901
55460 0.047580 0.036901
55461 0.047580 0.036901
55462 0.047580 0.036901
55463 0.047580 0.036901
55464 0.047580 0.036901
55465 0.047580 0.036901
55466 0.047580 0.036901
55467 0.047580 0.036901
55468 0.047580 0.036901
55469 0.047580 0.036901
55470 0.047896 0.037140
55471 0.048038 0.037234
55472 0.048038 0.037234
55473 0.048038 0.037234
55474 0.048038 0.037234
55475 0.048038 0.037234
55476 0.048038 0.037234
55477 0.048038 0.037234
55478 0.048038 0.037234
55479 0.048038 0.037234
55480 0.048038 0.037234
55481 0.048038 0.037040
55482 0.048038 0.037040
55483 0.048038 0.037040
55484 0.048038 0.037040
55485 0.048038 0.037040
55486 0.048038 0.037040
55487 0.048038 0.037040
55488 0.048038 0.037040
55489 0.048038 0.037040
55490 0.048038 0.037040
55491 0.048038 0.037040
55492 0.048038 0.037040
55493 0.048038 0.037040
55494 0.048038 0.037040
55495 0.048038 0.037040
55496 0.048038 0.037040
55497 0.048038 0.037040
55498 0.048038 0.037040
55499 0.048038 0.037040
55500 0.048038 0.037040
55501 0.048038 0.037040
55502 0.048038 0.037040
55503 0.048038 0.037040
55504 0.048453 0.038440
55505 0.048453 0.038440
55506 0.048453 0.038440
55507 0.048453 0.038440
55508 0.048453 0.038440
55509 0.048453 0.038440
55510 0.048453 0.038440
55511 0.048453 0.038440
55512 0.048453 0.038440
55513 0.048453 0.038440
55514 0.048453 0.038440
55515 0.048453 0.038440
55516 0.048453 0.038440
55517 0.048453 0.038440
55518 0.048453 0.038440
55519 0.048453 0.038440
55520 0.048453 0.038440
55521 0.048453 0.038440
55522 0.048453 0.038440
55523 0.048453 0.038440
55524 0.048453 0.038440
55525 0.048453 0.038440
55526 0.048453 0.038440
55527 0.048453 0.038440
55528 0.048453 0.038440
55529 0.048453 0.038440
55530 0.048453 0.038440
55531 0.048453 0.038440
55532 0.048453 0.038440
55533 0.048902 0.039698
55534 0.048902 0.039698
55535 0.048902 0.039698
55536 0.048902 0.039698
55537 0.048902 0.039698
55538 0.048902 0.039698
55539 0.048902 0.039698
55540 0.047059 0.037090
55541 0.047059 0.037090
55542 0.047059 0.037090
55543 0.047059 0.037090
55544 0.047059 0.037090
55545 0.047059 0.037090
55546 0.047059 0.037090
55547 0.047059 0.037090
55548 0.047059 0.037090
55549 0.047059 0.037090
55550 0.047059 0.037090
55551 0.047059 0.037090
55552 0.047059 0.037090
55553 0.047059 0.037090
55554 0.047059 0.037090
55555 0.047059 0.037090
55556 0.047059 0.037090
55557 0.047059 0.037090
55558 0.047059 0.037090
55559 0.047059 0.037090
55560 0.047059 0.037090
55561 0.046961 0.037979
55562 0.046961 0.037979
55563 0.046961 0.037979
55564 0.046961 0.037979
55565 0.046961 0.037979
55566 0.046961 0.037979
55567 0.046961 0.037979
55568 0.046961 0.037979
55569 0.046961 0.037979
55570 0.046342 0.037329
55571 0.046342 0.037329
55572 0.046342 0.037329
55573 0.046342 0.037329
55574 0.046342 0.037329
55575 0.046342 0.037329
55576 0.046342 0.037329
55577 0.045220 0.035489
55578 0.045220 0.035489
55579 0.045220 0.035489
55580 0.045220 0.035489
55581 0.045220 0.035489
55582 0.045220 0.035489
55583 0.045220 0.035489
55584 0.043429 0.033378
55585 0.043470 0.033428
55586 0.043438 0.033498
55587 0.043438 0.033498
55588 0.043438 0.033498
55589 0.043438 0.033498
55590 0.043438 0.033498
55591 0.043438 0.033498
55592 0.043438 0.033498
55593 0.043438 0.033498
55594 0.043438 0.033498
55595 0.043438 0.033498
55596 0.043438 0.033498
55597 0.043438 0.033498
55598 0.043438 0.033498
55599 0.043438 0.033498
55600 0.043066 0.033399
55601 0.043066 0.033399
55602 0.043066 0.033399
55603 0.043066 0.033399
55604 0.043066 0.033399
55605 0.043066 0.033399
55606 0.043066 0.033399
55607 0.043066 0.033399
55608 0.043066 0.033399
55609 0.043066 0.033399
55610 0.043066 0.033399
55611 0.043066 0.033399
55612 0.043066 0.033399
55613 0.043066 0.033399
55614 0.043066 0.033399
55615 0.043066 0.033399
55616 0.043066 0.033399
55617 0.043066 0.033399
55618 0.043066 0.033399
55619 0.043066 0.033399
55620 0.042728 0.033483
55621 0.042728 0.033483
55622 0.042728 0.033483
55623 0.042728 0.033483
55624 0.042728 0.033483
55625 0.042728 0.033483
55626 0.042728 0.033483
55627 0.042728 0.033483
55628 0.042673 0.033568
55629 0.042833 0.033827
55630 0.042774 0.033855
55631 0.042820 0.033827
55632 0.042806 0.033811
55633 0.042806 0.033855
55634 0.042806 0.033913
55635 0.042792 0.033944
55636 0.042792 0.033937
55637 0.042792 0.033937
55638 0.042792 0.033937
55639 0.042792 0.033937
55640 0.042792 0.033937
55641 0.042792 0.033937
55642 0.042792 0.033937
55643 0.042792 0.033937
55644 0.042792 0.033937
55645 0.042792 0.033937
55646 0.042792 0.033937
55647 0.042792 0.033937
55648 0.042792 0.033937
55649 0.042792 0.033937
55650 0.042820 0.033937
55651 0.042820 0.033937
55652 0.042820 0.033937
55653 0.042820 0.033937
55654 0.042820 0.033937
55655 0.042820 0.033937
55656 0.042820 0.033937
55657 0.042790 0.033940
55658 0.042790 0.033940
55659 0.042790 0.033940
55660 0.042790 0.033940
55661 0.042777 0.034549
55662 0.042777 0.034549
55663 0.042777 0.034549
55664 0.042777 0.034549
55665 0.042768 0.034698
55666 0.042757 0.034557
55667 0.042757 0.034557
55668 0.042757 0.034557
55669 0.042757 0.034557
55670 0.042757 0.034557
55671 0.042757 0.034557
55672 0.042757 0.034557
55673 0.042757 0.034557
55674 0.042757 0.034557
55675 0.042757 0.034557
55676 0.042757 0.034557
55677 0.042757 0.034557
55678 0.042757 0.034557
55679 0.042757 0.034557
55680 0.042792 0.035079
55681 0.042792 0.035079
55682 0.042792 0.035079
55683 0.042792 0.035079
55684 0.042792 0.035079
55685 0.042792 0.035079
55686 0.042792 0.035079
55687 0.042792 0.035079
55688 0.042792 0.035079
55689 0.042792 0.035079
55690 0.042792 0.035079
55691 0.042820 0.035135
55692 0.043057 0.035390
55693 0.043057 0.035390
55694 0.043057 0.035390
55695 0.043057 0.035390
55696 0.043057 0.035390
55697 0.043057 0.035390
55698 0.043057 0.035390
55699 0.043057 0.035390
55700 0.043057 0.035390
55701 0.043057 0.035390
55702 0.043057 0.035390
55703 0.043057 0.035390
55704 0.043057 0.035390
55705 0.043057 0.035390
55706 0.043057 0.035390
55707 0.043057 0.035390
55708 0.043099 0.035373
55709 0.043015 0.035315
55710 0.043057 0.035293
55711 0.043259 0.036130
55712 0.043307 0.036137
55713 0.043307 0.036137
55714 0.043446 0.036137
55715 0.043536 0.036144
55716 0.043536 0.036315
55717 0.043536 0.036315
55718 0.043536 0.036315
55719 0.043536 0.036315
55720 0.043536 0.036315
55721 0.043536 0.036315
55722 0.043536 0.036315
55723 0.043536 0.036315
55724 0.043536 0.036315
55725 0.043536 0.036315
55726 0.043536 0.036315
55727 0.043536 0.036315
55728 0.043536 0.036315
55729 0.043536 0.036315
55730 0.043536 0.036315
55731 0.043536 0.036315
55732 0.043536 0.036315
55733 0.043536 0.036315
55734 0.044774 0.036798
55735 0.045611 0.036819
55736 0.045611 0.036819
55737 0.045611 0.036819
55738 0.045611 0.036819
55739 0.045611 0.036819
55740 0.045611 0.036819
55741 0.048241 0.036866
55742 0.048241 0.036866
55743 0.048241 0.036866
55744 0.048241 0.036866
55745 0.048241 0.036866
55746 0.048241 0.036866
55747 0.048241 0.036866
55748 0.048241 0.036866
55749 0.048241 0.036866
55750 0.048241 0.036866
55751 0.048241 0.036866
55752 0.048241 0.036866
55753 0.048241 0.036866
55754 0.048241 0.036866
55755 0.048241 0.036866
55756 0.048241 0.036866
55757 0.048241 0.036866
55758 0.048241 0.036866
55759 0.048241 0.036866
55760 0.048314 0.037412
55761 0.048479 0.037432
55762 0.048479 0.037432
55763 0.048479 0.037432
55764 0.048479 0.037432
55765 0.048479 0.037432
55766 0.048479 0.037432
55767 0.048479 0.037432
55768 0.048479 0.037432
55769 0.048479 0.037432
55770 0.048479 0.037432
55771 0.048632 0.037494
55772 0.049184 0.038148
55773 0.049184 0.038148
55774 0.049184 0.038148
55775 0.049184 0.038148
55776 0.049184 0.038148
55777 0.049184 0.038148
55778 0.049184 0.038148
55779 0.049184 0.038148
55780 0.049184 0.038148
55781 0.049184 0.038148
55782 0.049184 0.038148
55783 0.049184 0.038148
55784 0.049184 0.038148
55785 0.049184 0.038148
55786 0.049184 0.038148
55787 0.048667 0.037655
55788 0.048667 0.037655
55789 0.048667 0.037655
55790 0.048667 0.037655
55791 0.048667 0.037655
55792 0.048667 0.037655
55793 0.048667 0.037655
55794 0.048667 0.037655
55795 0.048667 0.037655
55796 0.048667 0.037655
55797 0.048667 0.037655
55798 0.048667 0.037655
55799 0.048667 0.037655
55800 0.048667 0.037655
55801 0.048667 0.037655
55802 0.048667 0.037655
55803 0.048667 0.037655
55804 0.048667 0.037655
55805 0.048667 0.037655
55806 0.048667 0.037655
55807 0.048667 0.037655
55808 0.048667 0.037655
55809 0.048667 0.037655
55810 0.048667 0.037655
55811 0.048667 0.037655
55812 0.048667 0.037655
55813 0.048667 0.037655
55814 0.048351 0.038005
55815 0.047904 0.037750
55816 0.047904 0.037750
55817 0.047904 0.037750
55818 0.047904 0.037750
55819 0.047904 0.037750
55820 0.047904 0.037750
55821 0.047904 0.037750
55822 0.047904 0.037750
55823 0.047904 0.037750
55824 0.045927 0.037237
55825 0.045927 0.037237
55826 0.046018 0.037411
55827 0.046018 0.037411
55828 0.046018 0.037411
55829 0.046018 0.037411
55830 0.046018 0.037411
55831 0.046018 0.037411
55832 0.046018 0.037411
55833 0.046018 0.037411
55834 0.046018 0.037411
55835 0.046018 0.037411
55836 0.046018 0.037411
55837 0.046018 0.037411
55838 0.046018 0.037411
55839 0.046018 0.037411
55840 0.044716 0.037237
55841 0.044158 0.037075
55842 0.044158 0.037075
55843 0.044158 0.037075
55844 0.044158 0.037075
55845 0.044158 0.037075
55846 0.044158 0.037075
55847 0.044158 0.037075
55848 0.044158 0.037075
55849 0.044158 0.037075
55850 0.044158 0.037075
55851 0.044158 0.037075
55852 0.044158 0.037075
55853 0.044764 0.036778
55854 0.044764 0.036778
55855 0.044764 0.036778
55856 0.044764 0.036778
55857 0.044764 0.036778
55858 0.044764 0.036778
55859 0.044764 0.036778
55860 0.044764 0.036778
55861 0.044764 0.036778
55862 0.044764 0.036778
55863 0.044764 0.036778
55864 0.044764 0.036778
55865 0.044764 0.036778
55866 0.044764 0.036778
55867 0.044220 0.036661
55868 0.044220 0.036661
55869 0.044220 0.036661
55870 0.044220 0.036661
55871 0.044220 0.036661
55872 0.044220 0.036661
55873 0.044220 0.036661
55874 0.044220 0.036661
55875 0.044220 0.036661
55876 0.044220 0.036661
55877 0.044220 0.036661
55878 0.044220 0.036661
55879 0.044155 0.036550
55880 0.044155 0.036550
55881 0.044155 0.036550
55882 0.044155 0.036550
55883 0.044155 0.036550
55884 0.044155 0.036550
55885 0.044155 0.036550
55886 0.044155 0.036550
55887 0.044155 0.036550
55888 0.044155 0.036550
55889 0.044155 0.036550
55890 0.044155 0.036550
55891 0.044155 0.036550
55892 0.044155 0.036550
55893 0.044155 0.036550
55894 0.044155 0.036550
55895 0.044155 0.036550
55896 0.044155 0.036550
55897 0.044155 0.036550
55898 0.044155 0.036550
55899 0.044155 0.036550
55900 0.044155 0.036550
55901 0.044155 0.036550
55902 0.044155 0.036550
55903 0.044155 0.036550
55904 0.044811 0.036876
55905 0.044811 0.036876
55906 0.044486 0.036354
55907 0.044486 0.036354
55908 0.044486 0.036354
55909 0.044486 0.036354
55910 0.044182 0.035333
55911 0.044182 0.035333
55912 0.044182 0.035333
55913 0.044182 0.035333
55914 0.044182 0.035333
55915 0.044182 0.035333
55916 0.044182 0.035333
55917 0.044182 0.035333
55918 0.044182 0.035333
55919 0.044182 0.035333
55920 0.044182 0.035333
55921 0.044182 0.035333
55922 0.044182 0.035333
55923 0.044182 0.035333
55924 0.044182 0.035333
55925 0.044182 0.035333
55926 0.044182 0.035333
55927 0.044182 0.035333
55928 0.044182 0.035333
55929 0.044182 0.035333
55930 0.044182 0.035333
55931 0.044182 0.035333
55932 0.044182 0.035333
55933 0.043986 0.034809
55934 0.043986 0.034809
55935 0.043986 0.034809
55936 0.043986 0.034809
55937 0.043986 0.034809
55938 0.045437 0.037273
55939 0.045437 0.037273
55940 0.045437 0.037273
55941 0.045437 0.037273
55942 0.045437 0.037273
55943 0.045437 0.037273
55944 0.045437 0.037273
55945 0.045437 0.037273
55946 0.045437 0.037273
55947 0.045437 0.037273
55948 0.045437 0.037273
55949 0.045437 0.037273
55950 0.045437 0.037273
55951 0.045437 0.037273
55952 0.045437 0.037273
55953 0.045437 0.037273
55954 0.045437 0.037273
55955 0.045437 0.037273
55956 0.045437 0.037273
55957 0.045437 0.037273
55958 0.045437 0.037273
55959 0.045689 0.039062
55960 0.045689 0.039062
55961 0.045290 0.037149
55962 0.045290 0.037149
55963 0.043461 0.036216
55964 0.043461 0.036216
55965 0.043461 0.036216
55966 0.043461 0.036216
55967 0.043461 0.036216
55968 0.043461 0.036216
55969 0.043461 0.036216
55970 0.043461 0.036216
55971 0.043461 0.036216
55972 0.043461 0.036216
55973 0.043461 0.036216
55974 0.043461 0.036216
55975 0.043461 0.036216
55976 0.043461 0.036216
55977 0.043461 0.036216
55978 0.043461 0.036216
55979 0.043461 0.036216
55980 0.043461 0.036216
55981 0.043461 0.036216
55982 0.043461 0.036216
55983 0.043461 0.036216
55984 0.043461 0.036216
55985 0.043461 0.036216
55986 0.043461 0.036216
55987 0.043461 0.036216
55988 0.043461 0.036216
55989 0.043461 0.036216
55990 0.042463 0.037225
55991 0.042463 0.037225
55992 0.042463 0.037225
55993 0.042463 0.037225
55994 0.042384 0.037300
55995 0.041562 0.035853
55996 0.041562 0.035853
55997 0.041562 0.035853
55998 0.041562 0.035853
55999 0.041562 0.035853
56000 0.041562 0.035853
56001 0.041562 0.035853
56002 0.041562 0.035853
56003 0.041562 0.035853
56004 0.041562 0.035853
56005 0.041562 0.035853
56006 0.041562 0.035853
56007 0.041562 0.035853
56008 0.041562 0.035853
56009 0.041562 0.035853
56010 0.041562 0.035853
56011 0.041562 0.035853
56012 0.041562 0.035853
56013 0.041421 0.035839
56014 0.041421 0.035839
56015 0.041421 0.035839
56016 0.041421 0.035839
56017 0.041421 0.035839
56018 0.040822 0.034869
56019 0.040822 0.034869
56020 0.040822 0.034869
56021 0.040822 0.034869
56022 0.040822 0.034869
56023 0.040822 0.034869
56024 0.040822 0.034869
56025 0.040874 0.035062
56026 0.040874 0.035062
56027 0.040618 0.034618
56028 0.040618 0.034618
56029 0.040618 0.034618
56030 0.040618 0.034618
56031 0.040618 0.034618
56032 0.040618 0.034618
56033 0.040618 0.034618
56034 0.040618 0.034618
56035 0.040618 0.034618
56036 0.040618 0.034618
56037 0.040618 0.034618
56038 0.040618 0.034618
56039 0.040618 0.034618
56040 0.040618 0.034618
56041 0.040730 0.034500
56042 0.040730 0.034500
56043 0.039775 0.034448
56044 0.039775 0.034448
56045 0.039775 0.034448
56046 0.039775 0.034448
56047 0.039775 0.034448
56048 0.039775 0.034448
56049 0.039775 0.034448
56050 0.039775 0.034448
56051 0.039775 0.034448
56052 0.039775 0.034448
56053 0.039775 0.034448
56054 0.039775 0.034448
56055 0.039775 0.034448
56056 0.039619 0.034406
56057 0.039619 0.034406
56058 0.039619 0.034406
56059 0.039619 0.034406
56060 0.039619 0.034406
56061 0.039619 0.034406
56062 0.039619 0.034406
56063 0.039886 0.034500
56064 0.039886 0.034500
56065 0.039886 0.034500
56066 0.039886 0.034500
56067 0.039886 0.034500
56068 0.039886 0.034500
56069 0.039886 0.034500
56070 0.039886 0.034500
56071 0.039886 0.034500
56072 0.039886 0.034500
56073 0.039886 0.034500
56074 0.039652 0.034448
56075 0.039511 0.034500
56076 0.039511 0.034500
56077 0.039511 0.034500
56078 0.039511 0.034500
56079 0.039511 0.034500
56080 0.039511 0.034500
56081 0.039511 0.034500
56082 0.039511 0.034500
56083 0.039511 0.034500
56084 0.039511 0.034500
56085 0.039511 0.034500
56086 0.039511 0.034500
56087 0.039511 0.034500
56088 0.039511 0.034500
56089 0.039511 0.034500
56090 0.039511 0.034500
56091 0.039652 0.035020
56092 0.039652 0.035020
56093 0.039652 0.035020
56094 0.039652 0.035020
56095 0.039652 0.035020
56096 0.039652 0.035020
56097 0.039652 0.035020
56098 0.039961 0.035378
56099 0.040479 0.035607
56100 0.040479 0.035607
56101 0.040479 0.035607
56102 0.040479 0.035607
56103 0.040479 0.035607
56104 0.040479 0.035607
56105 0.040439 0.035042
56106 0.040439 0.035042
56107 0.040717 0.035737
56108 0.040717 0.035737
56109 0.040717 0.035737
56110 0.040781 0.035961
56111 0.041013 0.036352
56112 0.041149 0.036352
56113 0.041149 0.036352
56114 0.041149 0.036352
56115 0.041149 0.036352
56116 0.041149 0.036352
56117 0.041149 0.036352
56118 0.041149 0.036352
56119 0.041149 0.036352
56120 0.041149 0.036352
56121 0.041149 0.036352
56122 0.041149 0.036352
56123 0.041149 0.036352
56124 0.041149 0.036352
56125 0.041149 0.036352
56126 0.041149 0.036352
56127 0.041149 0.036352
56128 0.041149 0.036352
56129 0.041149 0.036352
56130 0.041149 0.036352
56131 0.041424 0.036360
56132 0.041424 0.036360
56133 0.041814 0.036641
56134 0.041814 0.036641
56135 0.041814 0.036641
56136 0.042349 0.037098
56137 0.042349 0.037098
56138 0.042349 0.037098
56139 0.042349 0.037098
56140 0.042349 0.037098
56141 0.042349 0.037098
56142 0.042349 0.037098
56143 0.042545 0.037031
56144 0.042545 0.037031
56145 0.042545 0.037031
56146 0.042545 0.037031
56147 0.042545 0.037031
56148 0.042545 0.037031
56149 0.042545 0.037031
56150 0.042545 0.037031
56151 0.042545 0.037031
56152 0.042545 0.037031
56153 0.042545 0.036991
56154 0.042545 0.036991
56155 0.042555 0.037011
56156 0.042545 0.037031
56157 0.042545 0.037031
56158 0.042545 0.037031
56159 0.042545 0.037031
56160 0.042545 0.037031
56161 0.042545 0.037031
56162 0.042545 0.037031
56163 0.042545 0.037031
56164 0.042545 0.037031
56165 0.042545 0.037031
56166 0.042545 0.037031
56167 0.042545 0.037031
56168 0.042545 0.037031
56169 0.042347 0.037098
56170 0.042347 0.037098
56171 0.042564 0.037130
56172 0.042564 0.037130
56173 0.042564 0.037130
56174 0.042564 0.037130
56175 0.042753 0.037366
56176 0.042753 0.037366
56177 0.042753 0.037366
56178 0.042953 0.037366
56179 0.043064 0.037535
56180 0.043064 0.037535
56181 0.043064 0.037535
56182 0.043064 0.037535
56183 0.043064 0.037535
56184 0.043064 0.037535
56185 0.043064 0.037535
56186 0.043064 0.037535
56187 0.043064 0.037535
56188 0.043064 0.037535
56189 0.043064 0.037535
56190 0.042882 0.037311
56191 0.042874 0.037247
56192 0.042874 0.037247
56193 0.042874 0.037247
56194 0.042874 0.037247
56195 0.042874 0.037247
56196 0.043329 0.037628
56197 0.043329 0.037628
56198 0.043329 0.037628
56199 0.043329 0.037628
56200 0.043329 0.037628
56201 0.043329 0.037628
56202 0.043329 0.037628
56203 0.043329 0.037628
56204 0.043329 0.037628
56205 0.043329 0.037628
56206 0.043329 0.037628
56207 0.043329 0.037628
56208 0.043329 0.037628
56209 0.043329 0.037628
56210 0.043329 0.037628
56211 0.042874 0.037698
56212 0.042874 0.037698
56213 0.042341 0.037628
56214 0.042341 0.037687
56215 0.042341 0.037687
56216 0.042341 0.037687
56217 0.042341 0.037687
56218 0.042341 0.037687
56219 0.042341 0.037687
56220 0.042341 0.037687
56221 0.042341 0.037687
56222 0.042341 0.037687
56223 0.042341 0.037687
56224 0.042341 0.037687
56225 0.042341 0.037687
56226 0.042341 0.037687
56227 0.042244 0.037444
56228 0.042244 0.037444
56229 0.042244 0.037444
56230 0.042580 0.037695
56231 0.042580 0.037695
56232 0.042580 0.037695
56233 0.042580 0.037749
56234 0.042580 0.037749
56235 0.042563 0.037741
56236 0.042580 0.037728
56237 0.042580 0.037728
56238 0.042580 0.037728
56239 0.042580 0.037728
56240 0.042580 0.037728
56241 0.042580 0.037728
56242 0.042580 0.037728
56243 0.042580 0.037728
56244 0.042580 0.037728
56245 0.042580 0.037728
56246 0.042580 0.037728
56247 0.042580 0.037728
56248 0.042580 0.037728
56249 0.042786 0.037880
56250 0.042786 0.037880
56251 0.042786 0.037880
56252 0.042786 0.037880
56253 0.042786 0.037880
56254 0.042786 0.037880
56255 0.042173 0.037782
56256 0.042173 0.037782
56257 0.042173 0.037782
56258 0.042173 0.037782
56259 0.042173 0.037782
56260 0.042173 0.037782
56261 0.042173 0.037782
56262 0.042173 0.037782
56263 0.042173 0.037782
56264 0.042173 0.037782
56265 0.042173 0.037782
56266 0.042173 0.037782
56267 0.042173 0.037782
56268 0.042173 0.037782
56269 0.042173 0.037782
56270 0.042829 0.038082
56271 0.042834 0.037784
56272 0.042834 0.037784
56273 0.042736 0.037784
56274 0.042736 0.037784
56275 0.042736 0.037784
56276 0.042340 0.037692
56277 0.042340 0.037692
56278 0.042340 0.037692
56279 0.042340 0.037692
56280 0.042340 0.037692
56281 0.042340 0.037692
56282 0.042340 0.037692
56283 0.042340 0.037692
56284 0.042340 0.037692
56285 0.042340 0.037692
56286 0.042340 0.037692
56287 0.042340 0.037692
56288 0.042340 0.037692
56289 0.042340 0.037692
56290 0.042340 0.037692
56291 0.042132 0.037619
56292 0.042132 0.037619
56293 0.042052 0.037199
56294 0.042052 0.037199
56295 0.042052 0.037199
56296 0.042052 0.037199
56297 0.042052 0.037199
56298 0.042052 0.037199
56299 0.042052 0.037199
56300 0.042052 0.037199
56301 0.042052 0.037199
56302 0.042052 0.037199
56303 0.042052 0.037199
56304 0.042052 0.037199
56305 0.042052 0.037199
56306 0.042052 0.037199
56307 0.042140 0.037606
56308 0.042140 0.037606
56309 0.042159 0.037572
56310 0.042001 0.036728
56311 0.042001 0.036842
56312 0.042001 0.036856
56313 0.041911 0.036619
56314 0.041911 0.036619
56315 0.041911 0.036619
56316 0.041911 0.036619
56317 0.041911 0.036619
56318 0.041911 0.036619
56319 0.041911 0.036619
56320 0.041911 0.036619
56321 0.041911 0.036619
56322 0.041911 0.036619
56323 0.041911 0.036619
56324 0.041911 0.036619
56325 0.041911 0.036619
56326 0.041911 0.036619
56327 0.041911 0.036619
56328 0.041699 0.036552
56329 0.041546 0.036080
56330 0.041546 0.036080
56331 0.041546 0.036080
56332 0.041546 0.036080
56333 0.041546 0.036080
56334 0.041546 0.036080
56335 0.041546 0.036080
56336 0.041546 0.036080
56337 0.041546 0.036080
56338 0.041546 0.036080
56339 0.041546 0.036080
56340 0.041546 0.036080
56341 0.041546 0.036080
56342 0.041546 0.036080
56343 0.041546 0.036080
56344 0.041546 0.036080
56345 0.041546 0.036080
56346 0.041546 0.036080
56347 0.041637 0.036458
56348 0.041637 0.036458
56349 0.041637 0.036458
56350 0.041637 0.036458
56351 0.041340 0.036554
56352 0.041295 0.035915
56353 0.041221 0.035840
56354 0.041221 0.035840
56355 0.041221 0.035840
56356 0.041221 0.035840
56357 0.041221 0.035840
56358 0.041221 0.035840
56359 0.041221 0.035840
56360 0.041221 0.035840
56361 0.041221 0.035840
56362 0.041221 0.035840
56363 0.041221 0.035840
56364 0.041221 0.035840
56365 0.041221 0.035840
56366 0.041221 0.035840
56367 0.041221 0.035840
56368 0.041221 0.035840
56369 0.041221 0.035840
56370 0.041221 0.035840
56371 0.041208 0.035620
56372 0.041221 0.035777
56373 0.041152 0.035710
56374 0.041152 0.035710
56375 0.041152 0.035710
56376 0.041152 0.035710
56377 0.041180 0.035744
56378 0.041180 0.035744
56379 0.041180 0.035744
56380 0.041180 0.035744
56381 0.041180 0.035744
56382 0.041180 0.035744
56383 0.041180 0.035744
56384 0.041180 0.035744
56385 0.041180 0.035744
56386 0.041180 0.035744
56387 0.041180 0.035744
56388 0.041180 0.035744
56389 0.041180 0.035823
56390 0.041180 0.035823
56391 0.041116 0.035744
56392 0.041080 0.035771
56393 0.041134 0.035665
56394 0.041134 0.035665
56395 0.041134 0.035665
56396 0.041134 0.035665
56397 0.041134 0.035665
56398 0.041134 0.035665
56399 0.041134 0.035665
56400 0.041134 0.035665
56401 0.041152 0.035710
56402 0.041152 0.035710
56403 0.041152 0.035710
56404 0.041152 0.035710
56405 0.041152 0.035710
56406 0.041180 0.035710
56407 0.041180 0.035710
56408 0.041184 0.035539
56409 0.041184 0.035539
56410 0.041184 0.035539
56411 0.041184 0.035539
56412 0.041248 0.035539
56413 0.041372 0.035745
56414 0.041372 0.035745
56415 0.041372 0.035745
56416 0.041372 0.035745
56417 0.041372 0.035745
56418 0.041372 0.035745
56419 0.041372 0.035745
56420 0.041372 0.035745
56421 0.041372 0.035745
56422 0.041372 0.035745
56423 0.041372 0.035745
56424 0.041372 0.035745
56425 0.041372 0.035745
56426 0.041372 0.035745
56427 0.041361 0.035710
56428 0.041319 0.035665
56429 0.041319 0.035665
56430 0.041319 0.035665
56431 0.041319 0.035665
56432 0.041687 0.036339
56433 0.041987 0.037291
56434 0.041987 0.037291
56435 0.041987 0.037291
56436 0.041987 0.037291
56437 0.042086 0.037322
56438 0.042086 0.037322
56439 0.042086 0.037322
56440 0.042086 0.037322
56441 0.042086 0.037322
56442 0.042086 0.037322
56443 0.042086 0.037322
56444 0.042086 0.037322
56445 0.042086 0.037322
56446 0.042086 0.037322
56447 0.042086 0.037322
56448 0.042186 0.037291
56449 0.042186 0.037291
56450 0.042186 0.037291
56451 0.042288 0.038021
56452 0.042344 0.037736
56453 0.042232 0.037354
56454 0.042203 0.037291
56455 0.042136 0.037468
56456 0.042136 0.037468
56457 0.042086 0.037354
56458 0.042086 0.037354
56459 0.042086 0.037354
56460 0.042086 0.037354
56461 0.042086 0.037354
56462 0.042086 0.037354
56463 0.042047 0.037277
56464 0.042047 0.037277
56465 0.042047 0.037277
56466 0.042047 0.037277
56467 0.042047 0.037291
56468 0.042047 0.037291
56469 0.042047 0.037277
56470 0.042047 0.037277
56471 0.042047 0.037277
56472 0.042047 0.037030
56473 0.042232 0.037837
56474 0.042232 0.037837
56475 0.042232 0.037837
56476 0.042203 0.037837
56477 0.042203 0.037837
56478 0.042203 0.037837
56479 0.042203 0.037837
56480 0.042203 0.037837
56481 0.042136 0.037828
56482 0.042194 0.037816
56483 0.042203 0.037814
56484 0.042086 0.037760
56485 0.042086 0.037760
56486 0.042066 0.037760
56487 0.042066 0.037760
56488 0.042066 0.037760
56489 0.042066 0.037760
56490 0.042066 0.037760
56491 0.042047 0.037760
56492 0.042288 0.037837
56493 0.042203 0.037818
56494 0.042203 0.037818
56495 0.042086 0.037814
56496 0.042144 0.037816
56497 0.042144 0.037816
56498 0.042144 0.037816
56499 0.042144 0.037816
56500 0.042086 0.037760
56501 0.042086 0.037760
56502 0.042047 0.037583
56503 0.042047 0.037583
56504 0.042024 0.037154
56505 0.042024 0.037154
56506 0.042024 0.037154
56507 0.041949 0.037091
56508 0.042024 0.037091
56509 0.042344 0.036452
56510 0.042438 0.036408
56511 0.042288 0.036099
56512 0.042144 0.036059
56513 0.041865 0.034925
56514 0.041865 0.034925
56515 0.041879 0.034804
56516 0.041865 0.034568
56517 0.041851 0.034509
56518 0.041851 0.034509
56519 0.041851 0.034509
56520 0.041851 0.034509
56521 0.041851 0.034509
56522 0.041851 0.034509
56523 0.041851 0.034509
56524 0.041865 0.034494
56525 0.042020 0.034479
56526 0.042024 0.034456
56527 0.042024 0.034456
56528 0.042020 0.034433
56529 0.041879 0.034433
56530 0.041949 0.034397
56531 0.041949 0.034397
56532 0.041949 0.034397
56533 0.041949 0.032876
56534 0.042024 0.033184
56535 0.042186 0.030695
56536 0.042186 0.030695
56537 0.042186 0.030695
56538 0.042186 0.030695
56539 0.042186 0.030695
56540 0.042186 0.030695
56541 0.042186 0.030695
56542 0.042186 0.030695
56543 0.042330 0.030042
56544 0.042330 0.030042
56545 0.042590 0.028355
56546 0.042590 0.028355
56547 0.042330 0.028193
56548 0.042330 0.028193
56549 0.042330 0.028193
56550 0.042330 0.028193
56551 0.042330 0.028193
56552 0.042263 0.028156
56553 0.042263 0.028156
56554 0.042263 0.028156
56555 0.042263 0.028156
56556 0.042397 0.027944
56557 0.042397 0.027944
56558 0.042397 0.027944
56559 0.042330 0.027600
56560 0.042330 0.027600
56561 0.042410 0.027517
56562 0.042330 0.027443
56563 0.042263 0.027278
56564 0.042584 0.026778
56565 0.042584 0.026778
56566 0.042584 0.026778
56567 0.042689 0.026778
56568 0.042689 0.026778
56569 0.042689 0.026778
56570 0.042689 0.026778
56571 0.042689 0.026746
56572 0.042689 0.026746
56573 0.042689 0.026746
56574 0.042343 0.026161
56575 0.042448 0.026126
56576 0.042423 0.026123
56577 0.042423 0.026123
56578 0.042423 0.026123
56579 0.042423 0.026123
56580 0.042474 0.025807
56581 0.042474 0.025807
56582 0.042689 0.025807
56583 0.042689 0.025807
56584 0.042691 0.025933
56585 0.042691 0.025933
56586 0.042691 0.025933
56587 0.042691 0.025763
56588 0.042689 0.025706
56589 0.042186 0.025398
56590 0.041911 0.025358
56591 0.042186 0.025398
56592 0.042186 0.025398
56593 0.042081 0.025358
56594 0.042186 0.025398
56595 0.042081 0.025358
56596 0.042261 0.025318
56597 0.042261 0.025318
56598 0.041748 0.025314
56599 0.041748 0.025314
56600 0.041748 0.025314
56601 0.041704 0.025318
56602 0.041704 0.025318
56603 0.041704 0.025318
56604 0.041511 0.025536
56605 0.041349 0.025544
56606 0.041349 0.025544
56607 0.041349 0.025544
56608 0.041511 0.025556
56609 0.041673 0.025606
56610 0.041592 0.025619
56611 0.041592 0.025619
56612 0.041592 0.025619
56613 0.041592 0.025619
56614 0.041592 0.025619
56615 0.041592 0.025619
56616 0.041592 0.025619
56617 0.041736 0.025556
56618 0.041736 0.025556
56619 0.041736 0.025556
56620 0.041736 0.025556
56621 0.041704 0.025619
56622 0.041704 0.025619
56623 0.041704 0.025619
56624 0.041704 0.025619
56625 0.041270 0.025340
56626 0.041270 0.025340
56627 0.041346 0.025361
56628 0.041346 0.025361
56629 0.041346 0.025361
56630 0.041432 0.025318
56631 0.041432 0.025318
56632 0.041349 0.025318
56633 0.041352 0.025318
56634 0.041352 0.025318
56635 0.041352 0.025318
56636 0.041352 0.025318
56637 0.041673 0.025318
56638 0.041673 0.025318
56639 0.041704 0.025318
56640 0.041704 0.025318
56641 0.041704 0.025318
56642 0.041704 0.025318
56643 0.041673 0.025318
56644 0.041592 0.025340
56645 0.041592 0.025340
56646 0.041592 0.025340
56647 0.040979 0.025239
56648 0.040979 0.025239
56649 0.040979 0.025239
56650 0.040979 0.025239
56651 0.040979 0.025239
56652 0.040979 0.025314
56653 0.040979 0.025314
56654 0.041469 0.025337
56655 0.041469 0.025337
56656 0.041469 0.025337
56657 0.041745 0.025337
56658 0.041745 0.025337
56659 0.041745 0.025337
56660 0.041628 0.025390
56661 0.041628 0.025390
56662 0.041628 0.025390
56663 0.041745 0.025419
56664 0.041628 0.025512
56665 0.041628 0.025512
56666 0.041628 0.025512
56667 0.041205 0.025323
56668 0.041383 0.025419
56669 0.041383 0.025419
56670 0.041383 0.025419
56671 0.041412 0.025483
56672 0.041412 0.025483
56673 0.041424 0.025549
56674 0.041412 0.025522
56675 0.041412 0.025522
56676 0.041412 0.025522
56677 0.041412 0.025522
56678 0.041472 0.025549
56679 0.041472 0.025549
56680 0.041472 0.025549
56681 0.041522 0.025549
56682 0.041522 0.025549
56683 0.041522 0.025549
56684 0.041533 0.025340
56685 0.041522 0.025340
56686 0.041511 0.025337
56687 0.041511 0.025344
56688 0.041450 0.025337
56689 0.041450 0.025340
56690 0.041424 0.025344
56691 0.041424 0.025344
56692 0.041424 0.025344
56693 0.041424 0.025344
56694 0.041392 0.025483
56695 0.041392 0.025483
56696 0.041392 0.025483
56697 0.041220 0.025483
56698 0.041220 0.025483
56699 0.041220 0.025483
56700 0.041068 0.025494
56701 0.041124 0.025438
56702 0.041124 0.025438
56703 0.041124 0.025438
56704 0.041124 0.025438
56705 0.041124 0.025438
56706 0.041124 0.025438
56707 0.041124 0.025438
56708 0.041258 0.025405
56709 0.041258 0.025405
56710 0.041124 0.025483
56711 0.041124 0.025483
56712 0.041258 0.025549
56713 0.041220 0.025544
56714 0.041220 0.025544
56715 0.041258 0.025539
56716 0.041258 0.025539
56717 0.041061 0.025539
56718 0.041061 0.025539
56719 0.041065 0.025544
56720 0.041065 0.025544
56721 0.041065 0.025544
56722 0.041068 0.025549
56723 0.040863 0.025405
56724 0.040872 0.025535
56725 0.040872 0.025535
56726 0.040872 0.025535
56727 0.040872 0.025535
56728 0.040872 0.025535
56729 0.040872 0.025535
56730 0.040872 0.025535
56731 0.040872 0.025535
56732 0.040882 0.025539
56733 0.040882 0.025539
56734 0.040882 0.025539
56735 0.040882 0.025539
56736 0.040893 0.025549
56737 0.040882 0.025549
56738 0.040882 0.025549
56739 0.040882 0.025549
56740 0.040882 0.025549
56741 0.040882 0.025549
56742 0.040882 0.025549
56743 0.040863 0.025539
56744 0.040834 0.025513
56745 0.040834 0.025513
56746 0.040834 0.025513
56747 0.040874 0.025616
56748 0.040732 0.025549
56749 0.040732 0.025549
56750 0.040833 0.025539
56751 0.040581 0.025392
56752 0.040597 0.025475
56753 0.040597 0.025475
56754 0.040597 0.025475
56755 0.040597 0.025475
56756 0.040597 0.025475
56757 0.040597 0.025475
56758 0.040597 0.025475
56759 0.040597 0.025475
56760 0.040597 0.025475
56761 0.040551 0.025412
56762 0.040551 0.025412
56763 0.040551 0.025412
56764 0.040551 0.025412
56765 0.040551 0.025412
56766 0.040551 0.025412
56767 0.040551 0.025405
56768 0.040551 0.025405
56769 0.040551 0.025392
56770 0.040597 0.025378
56771 0.040597 0.025378
56772 0.040597 0.025378
56773 0.040597 0.025378
56774 0.040551 0.025108
56775 0.040551 0.025108
56776 0.040551 0.025108
56777 0.040537 0.025378
56778 0.040510 0.025244
56779 0.040510 0.025244
56780 0.040597 0.025071
56781 0.040597 0.025071
56782 0.040567 0.025071
56783 0.040567 0.025071
56784 0.040567 0.025071
56785 0.040567 0.025071
56786 0.040567 0.025071
56787 0.040567 0.025071
56788 0.040482 0.025071
56789 0.040447 0.024952
56790 0.040395 0.025089
56791 0.040395 0.025089
56792 0.040395 0.025089
56793 0.040395 0.025089
56794 0.040395 0.025089
56795 0.040379 0.025106
56796 0.040379 0.025106
56797 0.040379 0.025106
56798 0.040379 0.025106
56799 0.040337 0.025071
56800 0.040337 0.025071
56801 0.040337 0.025071
56802 0.040321 0.025021
56803 0.040227 0.025378
56804 0.040117 0.025021
56805 0.040127 0.025071
56806 0.040127 0.025071
56807 0.040127 0.025071
56808 0.040127 0.025071
56809 0.040127 0.025071
56810 0.040744 0.025776
56811 0.041483 0.025881
56812 0.041483 0.025881
56813 0.041483 0.025881
56814 0.041483 0.025881
56815 0.041483 0.025881
56816 0.041416 0.025855
56817 0.041483 0.025901
56818 0.041483 0.025901
56819 0.041483 0.025901
56820 0.041483 0.025901
56821 0.041483 0.025901
56822 0.041483 0.025901
56823 0.041539 0.025928
56824 0.041539 0.025928
56825 0.041539 0.025928
56826 0.041539 0.025928
56827 0.041660 0.025955
56828 0.041660 0.025955
56829 0.041660 0.025955
56830 0.041653 0.025980
56831 0.041968 0.026315
56832 0.042134 0.026407
56833 0.042173 0.026231
56834 0.042173 0.026231
56835 0.042173 0.026231
56836 0.042173 0.026231
56837 0.042173 0.026231
56838 0.042396 0.026176
56839 0.042396 0.026176
56840 0.042396 0.026176
56841 0.042703 0.026231
56842 0.042703 0.026231
56843 0.042703 0.026231
56844 0.042703 0.026231
56845 0.042703 0.026231
56846 0.042703 0.026231
56847 0.042703 0.026231
56848 0.042703 0.026231
56849 0.042703 0.026231
56850 0.042703 0.026231
56851 0.042703 0.026231
56852 0.043547 0.026965
56853 0.043974 0.027681
56854 0.043974 0.027681
56855 0.043974 0.027681
56856 0.043974 0.027681
56857 0.043974 0.027681
56858 0.043993 0.027769
56859 0.043993 0.027769
56860 0.043993 0.027769
56861 0.043993 0.027769
56862 0.044197 0.027924
56863 0.044197 0.027924
56864 0.044197 0.027924
56865 0.044197 0.027924
56866 0.044379 0.027983
56867 0.044542 0.028077
56868 0.044542 0.028077
56869 0.046404 0.029364
56870 0.049053 0.030160
56871 0.049053 0.030160
56872 0.049053 0.030160
56873 0.049053 0.030160
56874 0.048833 0.030055
56875 0.048833 0.030055
56876 0.048833 0.030055
56877 0.048833 0.030055
56878 0.048833 0.030055
56879 0.049969 0.030160
56880 0.049969 0.030160
56881 0.049969 0.030160
56882 0.046726 0.029595
56883 0.046164 0.029151
56884 0.046109 0.028487
56885 0.046312 0.028704
56886 0.046312 0.028704
56887 0.046238 0.028267
56888 0.046238 0.028267
56889 0.046238 0.028267
56890 0.047140 0.028724
56891 0.050461 0.029262
56892 0.050461 0.029262
56893 0.050461 0.029262
56894 0.050461 0.029262
56895 0.050461 0.029262
56896 0.050461 0.029262
56897 0.049272 0.029199
56898 0.048572 0.029175
56899 0.048572 0.029175
56900 0.048572 0.029175
56901 0.048572 0.029175
56902 0.048572 0.029175
56903 0.047873 0.028724
56904 0.047873 0.028724
56905 0.046356 0.028154
56906 0.046002 0.027860
56907 0.045840 0.027771
56908 0.045840 0.027771
56909 0.045840 0.027771
56910 0.045840 0.027771
56911 0.045840 0.027771
56912 0.045840 0.027771
56913 0.046260 0.027860
56914 0.046260 0.027860
56915 0.046260 0.027860
56916 0.046260 0.027860
56917 0.046164 0.027778
56918 0.046260 0.028048
56919 0.046260 0.028048
56920 0.046260 0.028048
56921 0.046260 0.028048
56922 0.046164 0.027942
56923 0.046164 0.027942
56924 0.046164 0.027942
56925 0.046164 0.027942
56926 0.046164 0.027942
56927 0.046164 0.027942
56928 0.046164 0.027942
56929 0.046164 0.027942
56930 0.046164 0.027942
56931 0.046164 0.027942
56932 0.044850 0.027214
56933 0.044505 0.027131
56934 0.044505 0.027131
56935 0.044505 0.027131
56936 0.044505 0.027131
56937 0.044505 0.027131
56938 0.044505 0.027131
56939 0.044115 0.027183
56940 0.044115 0.027183
56941 0.044115 0.027183
56942 0.044060 0.027131
56943 0.044060 0.027131
56944 0.044060 0.027131
56945 0.044060 0.027131
56946 0.044069 0.027131
56947 0.044060 0.027126
56948 0.044060 0.027126
56949 0.044060 0.027126
56950 0.044060 0.027126
56951 0.044060 0.027126
56952 0.044060 0.027126
56953 0.044052 0.027121
56954 0.044002 0.027126
56955 0.044002 0.027126
56956 0.044002 0.027126
56957 0.044002 0.027126
56958 0.044002 0.027126
56959 0.044002 0.027126
56960 0.044029 0.027131
56961 0.044029 0.027131
56962 0.044069 0.027131
56963 0.044052 0.027132
56964 0.044060 0.027183
56965 0.044060 0.027183
56966 0.044052 0.027214
56967 0.044060 0.027214
56968 0.044060 0.027214
56969 0.044060 0.027214
56970 0.044060 0.027214
56971 0.044060 0.027214
56972 0.043889 0.027179
56973 0.043365 0.027092
56974 0.043365 0.027092
56975 0.043365 0.027092
56976 0.043365 0.027092
56977 0.043365 0.027092
56978 0.043367 0.027132
56979 0.043367 0.027132
56980 0.043697 0.027179
56981 0.043697 0.027179
56982 0.043697 0.027179
56983 0.043867 0.027183
56984 0.043867 0.027183
56985 0.043697 0.027198
56986 0.043276 0.027175
56987 0.043276 0.027183
56988 0.043276 0.027183
56989 0.043276 0.027183
56990 0.043276 0.027183
56991 0.043276 0.027183
56992 0.043276 0.027183
56993 0.043276 0.027183
56994 0.043276 0.027183
56995 0.043233 0.027114
56996 0.042930 0.026987
56997 0.042870 0.027053
56998 0.042870 0.027053
56999 0.042870 0.027053
57000 0.042870 0.027053
57001 0.042870 0.027053
57002 0.042503 0.026896
57003 0.042503 0.026896
57004 0.042709 0.026905
57005 0.042709 0.026905
57006 0.042709 0.026905
57007 0.042709 0.026905
57008 0.042547 0.026905
57009 0.042547 0.026905
57010 0.042547 0.026905
57011 0.042547 0.026905
57012 0.042709 0.026896
57013 0.042709 0.026896
57014 0.042709 0.026896
57015 0.042870 0.026887
57016 0.042870 0.026887
57017 0.042870 0.026887
57018 0.042870 0.026887
57019 0.042157 0.026839
57020 0.042157 0.026839
57021 0.042157 0.026839
57022 0.042157 0.026839
57023 0.042193 0.026880
57024 0.042193 0.026880
57025 0.042193 0.026880
57026 0.042157 0.026799
57027 0.042157 0.026799
57028 0.042157 0.026799
57029 0.042157 0.026799
57030 0.042157 0.026799
57031 0.042157 0.026799
57032 0.042044 0.026880
57033 0.042083 0.026880
57034 0.042083 0.026880
57035 0.042083 0.026880
57036 0.042083 0.026880
57037 0.042083 0.026880
57038 0.042083 0.026880
57039 0.042157 0.026799
57040 0.042121 0.026792
57041 0.042121 0.026792
57042 0.042121 0.026792
57043 0.042118 0.026722
57044 0.042118 0.026722
57045 0.042118 0.026722
57046 0.042121 0.026533
57047 0.042121 0.026533
57048 0.042121 0.026533
57049 0.042121 0.026533
57050 0.042121 0.026533
57051 0.042157 0.026722
57052 0.042157 0.026510
57053 0.042499 0.026596
57054 0.042499 0.026596
57055 0.042622 0.026799
57056 0.042622 0.026799
57057 0.042622 0.026799
57058 0.042622 0.026799
57059 0.042622 0.026799
57060 0.042481 0.026596
57061 0.042481 0.026596
57062 0.042121 0.026487
57063 0.042121 0.026487
57064 0.042121 0.026485
57065 0.041979 0.026450
57066 0.041979 0.026450
57067 0.041979 0.026450
57068 0.041979 0.026450
57069 0.041979 0.026450
57070 0.041979 0.026450
57071 0.041979 0.026450
57072 0.041979 0.026450
57073 0.041979 0.026450
57074 0.041979 0.026450
57075 0.042041 0.026487
57076 0.042116 0.026658
57077 0.042116 0.026658
57078 0.042116 0.026658
57079 0.042116 0.026658
57080 0.042116 0.026658
57081 0.042116 0.026658
57082 0.042116 0.026658
57083 0.042116 0.026658
57084 0.042048 0.026357
57085 0.042048 0.026357
57086 0.042048 0.026357
57087 0.042048 0.026357
57088 0.042055 0.026418
57089 0.042055 0.026418
57090 0.042055 0.026418
57091 0.042055 0.026418
57092 0.042041 0.026658
57093 0.042041 0.026418
57094 0.042041 0.026418
57095 0.041871 0.026509
57096 0.041871 0.026509
57097 0.041907 0.026275
57098 0.041907 0.026275
57099 0.041907 0.026275
57100 0.041907 0.026275
57101 0.041907 0.026275
57102 0.041907 0.026275
57103 0.041871 0.026240
57104 0.041871 0.026240
57105 0.041871 0.026240
57106 0.041871 0.026240
57107 0.041871 0.026240
57108 0.041871 0.026240
57109 0.041871 0.026240
57110 0.041871 0.026240
57111 0.041871 0.026240
57112 0.041978 0.026035
57113 0.041978 0.026035
57114 0.041943 0.025983
57115 0.041943 0.025983
57116 0.041943 0.025983
57117 0.041943 0.025983
57118 0.041943 0.025983
57119 0.041787 0.026015
57120 0.041787 0.026015
57121 0.041851 0.026205
57122 0.041851 0.026205
57123 0.041809 0.026628
57124 0.041809 0.026628
57125 0.041756 0.026607
57126 0.041756 0.026607
57127 0.041756 0.026607
57128 0.041756 0.026607
57129 0.041756 0.026607
57130 0.041756 0.026607
57131 0.041682 0.026205
57132 0.041682 0.026205
57133 0.041682 0.026205
57134 0.041460 0.026145
57135 0.041423 0.026035
57136 0.041423 0.026035
57137 0.041423 0.026035
57138 0.041423 0.026035
57139 0.041423 0.026035
57140 0.041423 0.026035
57141 0.041423 0.026035
57142 0.041703 0.026205
57143 0.041703 0.026205
57144 0.041723 0.026205
57145 0.041809 0.026205
57146 0.041809 0.026205
57147 0.041809 0.026205
57148 0.041809 0.026205
57149 0.041723 0.026035
57150 0.041723 0.026035
57151 0.041723 0.026035
57152 0.041723 0.026035
57153 0.041723 0.026035
57154 0.041789 0.026205
57155 0.041907 0.026205
57156 0.041907 0.026205
57157 0.041907 0.026205
57158 0.041907 0.026205
57159 0.041907 0.026205
57160 0.041907 0.026205
57161 0.041907 0.026205
57162 0.041885 0.026120
57163 0.041885 0.026120
57164 0.041907 0.026205
57165 0.041907 0.026205
57166 0.041907 0.026205
57167 0.041907 0.026205
57168 0.041907 0.026205
57169 0.041863 0.026035
57170 0.041863 0.026035
57171 0.041863 0.026035
57172 0.041907 0.025974
57173 0.041829 0.025933
57174 0.041829 0.025933
57175 0.041829 0.025933
57176 0.041829 0.025933
57177 0.041890 0.026385
57178 0.041890 0.026385
57179 0.041890 0.026385
57180 0.041890 0.026385
57181 0.041890 0.026385
57182 0.041829 0.026354
57183 0.041884 0.026560
57184 0.041884 0.026560
57185 0.041884 0.026560
57186 0.041884 0.026560
57187 0.041884 0.026560
57188 0.041884 0.026560
57189 0.042106 0.026752
57190 0.042111 0.026849
57191 0.042111 0.026849
57192 0.042111 0.026849
57193 0.042111 0.026849
57194 0.042111 0.026923
57195 0.042111 0.026923
57196 0.042111 0.026923
57197 0.042111 0.026923
57198 0.042211 0.027089
57199 0.042211 0.027089
57200 0.042211 0.027089
57201 0.042132 0.026849
57202 0.042132 0.026849
57203 0.042280 0.026873
57204 0.042280 0.026873
57205 0.042297 0.027089
57206 0.042297 0.027089
57207 0.042297 0.027089
57208 0.042280 0.027089
57209 0.042224 0.027022
57210 0.042224 0.027022
57211 0.042224 0.027022
57212 0.042146 0.026846
57213 0.042146 0.026846
57214 0.042267 0.027024
57215 0.042267 0.027024
57216 0.042267 0.027024
57217 0.042267 0.027024
57218 0.042267 0.027024
57219 0.042267 0.027024
57220 0.042267 0.027024
57221 0.042267 0.027024
57222 0.042267 0.027024
57223 0.042267 0.027024
57224 0.042273 0.027022
57225 0.042273 0.027022
57226 0.042273 0.027022
57227 0.042273 0.027022
57228 0.042273 0.027022
57229 0.042280 0.027035
57230 0.042273 0.026945
57231 0.042273 0.026945
57232 0.042124 0.026870
57233 0.042041 0.026533
57234 0.042000 0.026508
57235 0.041667 0.026672
57236 0.041667 0.026672
57237 0.041667 0.026672
57238 0.041835 0.026724
57239 0.041835 0.026724
57240 0.041835 0.026724
57241 0.041835 0.026724
57242 0.041884 0.026870
57243 0.041884 0.026870
57244 0.041884 0.026870
57245 0.041928 0.026823
57246 0.041971 0.026672
57247 0.041971 0.026672
57248 0.041971 0.026672
57249 0.042000 0.026775
57250 0.042000 0.026775
57251 0.042000 0.026775
57252 0.042000 0.026775
57253 0.042000 0.026775
57254 0.041985 0.026870
57255 0.041985 0.026870
57256 0.041985 0.026870
57257 0.041835 0.026870
57258 0.041835 0.026870
57259 0.041785 0.026775
57260 0.041785 0.026775
57261 0.041726 0.026870
57262 0.041785 0.026870
57263 0.041667 0.026551
57264 0.041667 0.026551
57265 0.041726 0.026601
57266 0.041666 0.026508
57267 0.041390 0.026464
57268 0.041390 0.026464
57269 0.041320 0.026377
57270 0.041160 0.026353
57271 0.041160 0.026353
57272 0.041160 0.026353
57273 0.041160 0.026353
57274 0.041160 0.026353
57275 0.041160 0.026353
57276 0.041236 0.026385
57277 0.041236 0.026385
57278 0.041069 0.026353
57279 0.041069 0.026353
57280 0.041055 0.026337
57281 0.041055 0.026337
57282 0.041055 0.026337
57283 0.041055 0.026337
57284 0.041055 0.026337
57285 0.041055 0.026337
57286 0.041055 0.026337
57287 0.041001 0.026323
57288 0.041069 0.026323
57289 0.040768 0.026124
57290 0.040768 0.026124
57291 0.040745 0.026087
57292 0.040719 0.026063
57293 0.040719 0.026063
57294 0.040719 0.026063
57295 0.040664 0.026051
57296 0.040713 0.026027
57297 0.040713 0.026027
57298 0.040566 0.025962
57299 0.040566 0.025960
57300 0.040566 0.025960
57301 0.040566 0.025960
57302 0.040566 0.025960
57303 0.040615 0.025961
57304 0.040566 0.025960
57305 0.040566 0.025960
57306 0.040566 0.025960
57307 0.040566 0.025960
57308 0.040566 0.025960
57309 0.040566 0.025960
57310 0.040686 0.025928
57311 0.040686 0.025928
57312 0.040719 0.025911
57313 0.040481 0.025962
57314 0.040481 0.025962
57315 0.040481 0.025962
57316 0.040481 0.025962
57317 0.040376 0.025920
57318 0.040176 0.025868
57319 0.040176 0.025868
57320 0.040176 0.025868
57321 0.040176 0.025868
57322 0.040176 0.025868
57323 0.040176 0.025868
57324 0.040376 0.025873
57325 0.040271 0.025868
57326 0.040115 0.025878
57327 0.040115 0.025878
57328 0.040537 0.025878
57329 0.040537 0.025878
57330 0.040537 0.025878
57331 0.040637 0.025897
57332 0.040528 0.025845
57333 0.040528 0.025845
57334 0.040481 0.025813
57335 0.040481 0.025813
57336 0.040528 0.025831
57337 0.040528 0.025831
57338 0.040528 0.025831
57339 0.040537 0.025849
57340 0.040537 0.025849
57341 0.040552 0.025798
57342 0.040552 0.025798
57343 0.040552 0.025798
57344 0.040552 0.025798
57345 0.040537 0.025784
57346 0.040637 0.025831
57347 0.041113 0.025813
57348 0.041113 0.025813
57349 0.041113 0.025813
57350 0.041113 0.025813
57351 0.041113 0.025813
57352 0.040910 0.025798
57353 0.040910 0.025798
57354 0.040910 0.025798
57355 0.040089 0.025733
57356 0.040089 0.025696
57357 0.040089 0.025725
57358 0.040018 0.025667
57359 0.040018 0.025667
57360 0.040043 0.025696
57361 0.040043 0.025696
57362 0.040043 0.025696
57363 0.040043 0.025696
57364 0.040043 0.025696
57365 0.040043 0.025696
57366 0.040078 0.025696
57367 0.040018 0.025548
57368 0.040018 0.025548
57369 0.040018 0.025548
57370 0.040018 0.025548
57371 0.040043 0.025546
57372 0.040043 0.025546
57373 0.040176 0.025548
57374 0.040176 0.025548
57375 0.040358 0.025546
57376 0.040043 0.025696
57377 0.040043 0.025696
57378 0.040358 0.025751
57379 0.040358 0.025751
57380 0.040552 0.025742
57381 0.040552 0.025742
57382 0.040552 0.025742
57383 0.040537 0.025733
57384 0.040537 0.025733
57385 0.040537 0.025733
57386 0.040537 0.025733
57387 0.040853 0.025782
57388 0.040853 0.025782
57389 0.040853 0.025782
57390 0.040853 0.025782
57391 0.040853 0.025782
57392 0.041011 0.025813
57393 0.041404 0.025896
57394 0.041439 0.025899
57395 0.041439 0.025899
57396 0.041476 0.025897
57397 0.041477 0.025899
57398 0.041553 0.025931
57399 0.041553 0.025937
57400 0.041553 0.025937
57401 0.041553 0.025937
57402 0.041553 0.025937
57403 0.041553 0.025937
57404 0.041477 0.026077
57405 0.041477 0.026077
57406 0.041553 0.026109
57407 0.041553 0.026109
57408 0.041317 0.026077
57409 0.041317 0.026077
57410 0.041317 0.026077
57411 0.041139 0.025937
57412 0.041475 0.026077
57413 0.041475 0.026077
57414 0.041475 0.026077
57415 0.041477 0.026007
57416 0.041475 0.025937
57417 0.041475 0.025937
57418 0.041459 0.026153
57419 0.041301 0.026227
57420 0.041075 0.026153
57421 0.041075 0.026153
57422 0.041075 0.026153
57423 0.041075 0.026153
57424 0.041075 0.026153
57425 0.041075 0.026153
57426 0.041075 0.026153
57427 0.041139 0.026260
57428 0.041139 0.026260
57429 0.041139 0.026260
57430 0.041139 0.026260
57431 0.041139 0.026260
57432 0.041139 0.026274
57433 0.041139 0.026274
57434 0.041139 0.026274
57435 0.041459 0.026319
57436 0.041459 0.026319
57437 0.041444 0.026309
57438 0.041477 0.026386
57439 0.041477 0.026386
57440 0.041477 0.026386
57441 0.041477 0.026386
57442 0.041477 0.026386
57443 0.041477 0.026386
57444 0.041477 0.026386
57445 0.041477 0.026386
57446 0.041476 0.026357
57447 0.041475 0.026329
57448 0.041475 0.026329
57449 0.041338 0.026406
57450 0.041338 0.026406
57451 0.041300 0.026480
57452 0.041300 0.026480
57453 0.041338 0.026387
57454 0.041338 0.026387
57455 0.041338 0.026387
57456 0.041338 0.026387
57457 0.041338 0.026387
57458 0.041338 0.026387
57459 0.041338 0.026387
57460 0.041338 0.026480
57461 0.041338 0.026426
57462 0.041338 0.026426
57463 0.041338 0.026426
57464 0.041338 0.026426
57465 0.041338 0.026426
57466 0.041338 0.026426
57467 0.041210 0.026387
57468 0.041210 0.026387
57469 0.041011 0.026386
57470 0.041011 0.026386
57471 0.041011 0.026386
57472 0.041082 0.026387
57473 0.040643 0.026357
57474 0.040639 0.026329
57475 0.040639 0.026329
57476 0.040635 0.026386
57477 0.040632 0.026357
57478 0.040594 0.026387
57479 0.040529 0.026347
57480 0.039624 0.026115
57481 0.039624 0.026115
57482 0.039571 0.026119
57483 0.039389 0.026085
57484 0.039389 0.026085
57485 0.039389 0.026085
57486 0.039389 0.026085
57487 0.039389 0.026085
57488 0.039400 0.026115
57489 0.039400 0.026115
57490 0.039336 0.026085
57491 0.039336 0.026085
57492 0.039336 0.026085
57493 0.039336 0.026085
57494 0.039336 0.026085
57495 0.039164 0.026115
57496 0.039164 0.026115
57497 0.039164 0.026115
57498 0.038990 0.025865
57499 0.038883 0.025729
57500 0.038883 0.025729
57501 0.038883 0.025729
57502 0.038883 0.025729
57503 0.038883 0.025729
57504 0.038779 0.025603
57505 0.038779 0.025603
57506 0.038779 0.025603
57507 0.038779 0.025603
57508 0.038779 0.025603
57509 0.038584 0.025603
57510 0.038559 0.025562
57511 0.038798 0.025922
57512 0.038559 0.025855
57513 0.038559 0.025855
57514 0.038559 0.025855
57515 0.038479 0.025603
57516 0.038479 0.025603
57517 0.038479 0.025603
57518 0.038479 0.025603
57519 0.038479 0.025603
57520 0.038479 0.025603
57521 0.038479 0.025603
57522 0.038479 0.025603
57523 0.038479 0.025603
57524 0.038479 0.025604
57525 0.038440 0.025745
57526 0.038479 0.025855
57527 0.038401 0.025619
57528 0.038401 0.025619
57529 0.038151 0.025521
57530 0.038151 0.025521
57531 0.038092 0.025521
57532 0.038157 0.025562
57533 0.038157 0.025562
57534 0.038157 0.025562
57535 0.038157 0.025562
57536 0.038034 0.025500
57537 0.038034 0.025500
57538 0.037976 0.025479
57539 0.038157 0.025562
57540 0.038162 0.025604
57541 0.038197 0.025619
57542 0.038197 0.025619
57543 0.038197 0.025619
57544 0.038197 0.025619
57545 0.038231 0.025781
57546 0.038231 0.025781
57547 0.038401 0.025855
57548 0.038401 0.025855
57549 0.038231 0.025874
57550 0.038231 0.025874
57551 0.038231 0.025874
57552 0.038231 0.025874
57553 0.038387 0.025971
57554 0.038387 0.025971
57555 0.038387 0.025971
57556 0.038387 0.025971
57557 0.038387 0.025977
57558 0.038387 0.025977
57559 0.038387 0.025977
57560 0.038736 0.026241
57561 0.038656 0.026298
57562 0.038642 0.026287
57563 0.038736 0.026305
57564 0.038736 0.026305
57565 0.038736 0.026305
57566 0.038736 0.026305
57567 0.038736 0.026305
57568 0.038627 0.026298
57569 0.038627 0.026298
57570 0.038736 0.026305
57571 0.038736 0.026305
57572 0.038736 0.026305
57573 0.038736 0.026305
57574 0.038656 0.026475
57575 0.038816 0.026687
57576 0.038816 0.026687
57577 0.038816 0.026687
57578 0.038781 0.026795
57579 0.038781 0.026795
57580 0.038781 0.026795
57581 0.038781 0.026795
57582 0.038781 0.026795
57583 0.038781 0.026736
57584 0.038787 0.026785
57585 0.038787 0.026785
57586 0.038787 0.026785
57587 0.038787 0.026785
57588 0.038787 0.026785
57589 0.038781 0.026678
57590 0.038787 0.026785
57591 0.038627 0.026620
57592 0.038938 0.026805
57593 0.038938 0.026805
57594 0.038938 0.026805
57595 0.038938 0.026805
57596 0.038938 0.026805
57597 0.038862 0.026805
57598 0.038862 0.026805
57599 0.038862 0.026805
57600 0.038862 0.026805
57601 0.038862 0.026805
57602 0.038862 0.026805
57603 0.038787 0.026794
57604 0.038787 0.026805
57605 0.038862 0.026826
57606 0.038797 0.026860
57607 0.038797 0.026860
57608 0.039129 0.026974
57609 0.039136 0.027042
57610 0.039144 0.027110
57611 0.039144 0.027110
57612 0.039186 0.027151
57613 0.039186 0.027151
57614 0.039186 0.027151
57615 0.039186 0.027151
57616 0.039186 0.027151
57617 0.039186 0.027151
57618 0.039208 0.027199
57619 0.039188 0.026974
57620 0.039224 0.027262
57621 0.039224 0.027262
57622 0.039565 0.027318
57623 0.039565 0.027318
57624 0.039565 0.027318
57625 0.039412 0.027262
57626 0.039412 0.027262
57627 0.039639 0.027278
57628 0.039639 0.027278
57629 0.039639 0.027278
57630 0.039639 0.027278
57631 0.039639 0.027278
57632 0.039639 0.027278
57633 0.039260 0.027208
57634 0.039412 0.027216
57635 0.039412 0.027216
57636 0.039412 0.027216
57637 0.039412 0.027216
57638 0.039639 0.027246
57639 0.039639 0.027246
57640 0.039751 0.027254
57641 0.039751 0.027246
57642 0.039897 0.027235
57643 0.039909 0.027246
57644 0.039909 0.027246
57645 0.039909 0.027246
57646 0.039909 0.027246
57647 0.039909 0.027246
57648 0.039935 0.027266
57649 0.039935 0.027266
57650 0.039935 0.027266
57651 0.039935 0.027266
57652 0.039922 0.027318
57653 0.039922 0.027318
57654 0.040106 0.027417
57655 0.040530 0.027417
57656 0.040530 0.027417
57657 0.040530 0.027417
57658 0.040530 0.027417
57659 0.040519 0.027318
57660 0.040519 0.027318
57661 0.040519 0.027318
57662 0.040519 0.027318
57663 0.040519 0.027516
57664 0.039838 0.027239
57665 0.039768 0.027191
57666 0.039739 0.027093
57667 0.039739 0.027093
57668 0.039739 0.027093
57669 0.039838 0.027101
57670 0.039838 0.027101
57671 0.039909 0.027109
57672 0.039909 0.027109
57673 0.039838 0.027150
57674 0.039838 0.027150
57675 0.039909 0.027109
57676 0.039909 0.027109
57677 0.039915 0.027101
57678 0.039949 0.027109
57679 0.039949 0.027109
57680 0.039949 0.027109
57681 0.039949 0.027109
57682 0.039949 0.027109
57683 0.040216 0.027208
57684 0.040216 0.027208
57685 0.040216 0.027208
57686 0.040542 0.027224
57687 0.040501 0.027101
57688 0.039845 0.027048
57689 0.039768 0.027003
57690 0.039677 0.026998
57691 0.039760 0.027002
57692 0.039760 0.027002
57693 0.039760 0.027002
57694 0.039677 0.027001
57695 0.039517 0.026934
57696 0.039517 0.026934
57697 0.039517 0.026934
57698 0.039642 0.026994
57699 0.039642 0.026994
57700 0.039642 0.026994
57701 0.039659 0.026996
57702 0.039677 0.026998
57703 0.039677 0.026998
57704 0.039677 0.027000
57705 0.039768 0.027003
57706 0.039768 0.027003
57707 0.039742 0.027000
57708 0.039742 0.027000
57709 0.039742 0.027000
57710 0.039734 0.026998
57711 0.039734 0.026998
57712 0.039734 0.026998
57713 0.039786 0.027002
57714 0.039803 0.027001
57715 0.040054 0.026998
57716 0.040054 0.026998
57717 0.040054 0.026998
57718 0.039803 0.026915
57719 0.039803 0.026915
57720 0.039734 0.026915
57721 0.039768 0.026955
57722 0.039642 0.026915
57723 0.039517 0.026915
57724 0.039517 0.026915
57725 0.039517 0.026915
57726 0.039635 0.026958
57727 0.039635 0.026958
57728 0.039628 0.027001
57729 0.039628 0.027001
57730 0.039628 0.027001
57731 0.039628 0.027001
57732 0.039635 0.026955
57733 0.039635 0.026955
57734 0.039677 0.027001
57735 0.039677 0.027001
57736 0.039677 0.027001
57737 0.039677 0.027001
57738 0.039677 0.027001
57739 0.039677 0.026955
57740 0.039677 0.026955
57741 0.039677 0.026996
57742 0.039677 0.026996
57743 0.039677 0.026996
57744 0.040113 0.027020
57745 0.040187 0.027062
57746 0.040451 0.027098
57747 0.040451 0.027098
57748 0.040451 0.027098
57749 0.040244 0.027098
57750 0.040215 0.027098
57751 0.040187 0.027098
57752 0.040187 0.027098
57753 0.040215 0.027091
57754 0.040215 0.027091
57755 0.040113 0.027091
57756 0.040040 0.027084
57757 0.039703 0.026999
57758 0.039628 0.026915
57759 0.039628 0.026915
57760 0.039628 0.026915
57761 0.039628 0.026915
57762 0.039628 0.026915
57763 0.039628 0.026915
57764 0.039628 0.026904
57765 0.039589 0.026864
57766 0.039589 0.026864
57767 0.039673 0.026915
57768 0.039673 0.026915
57769 0.039673 0.026915
57770 0.039768 0.026955
57771 0.039673 0.026915
57772 0.039673 0.026915
57773 0.039673 0.026915
57774 0.039803 0.026915
57775 0.040220 0.027016
57776 0.040220 0.027016
57777 0.040220 0.027016
57778 0.040220 0.027016
57779 0.040187 0.026996
57780 0.040187 0.026996
57781 0.040113 0.026955
57782 0.039738 0.026909
57783 0.039738 0.026909
57784 0.039673 0.026904
57785 0.039526 0.026781
57786 0.039526 0.026824
57787 0.039526 0.026824
57788 0.039526 0.026824
57789 0.039526 0.026824
57790 0.039538 0.026737
57791 0.039444 0.026706
57792 0.039526 0.026734
57793 0.039526 0.026736
57794 0.039526 0.026736
57795 0.039356 0.026735
57796 0.039356 0.026735
57797 0.038803 0.026541
57798 0.038697 0.026706
57799 0.038697 0.026706
57800 0.038697 0.026706
57801 0.038697 0.026706
57802 0.038592 0.026677
57803 0.038592 0.026677
57804 0.038592 0.026677
57805 0.038592 0.026677
57806 0.038350 0.026541
57807 0.038350 0.026541
57808 0.038580 0.026264
57809 0.038580 0.026264
57810 0.038580 0.026264
57811 0.038580 0.026264
57812 0.038580 0.026264
57813 0.038580 0.026264
57814 0.038168 0.026202
57815 0.038168 0.026202
57816 0.038168 0.026202
57817 0.038580 0.026264
57818 0.038580 0.026357
57819 0.038646 0.026451
57820 0.038646 0.026476
57821 0.038646 0.026451
57822 0.038646 0.026451
57823 0.038646 0.026451
57824 0.038646 0.026451
57825 0.038646 0.026451
57826 0.038646 0.026451
57827 0.038646 0.026451
57828 0.038646 0.026451
57829 0.038646 0.026451
57830 0.038803 0.026451
57831 0.038803 0.026451
57832 0.038803 0.026451
57833 0.038803 0.026451
57834 0.038803 0.026451
57835 0.038646 0.026476
57836 0.038592 0.026451
57837 0.038619 0.026578
57838 0.038619 0.026578
57839 0.038619 0.026578
57840 0.038592 0.026655
57841 0.038592 0.026655
57842 0.038592 0.026655
57843 0.038592 0.026655
57844 0.038547 0.026578
57845 0.038580 0.026655
57846 0.038580 0.026655
57847 0.038580 0.026655
57848 0.038619 0.026667
57849 0.038619 0.026667
57850 0.038619 0.026667
57851 0.038619 0.026667
57852 0.038619 0.026667
57853 0.038619 0.026667
57854 0.038646 0.026876
57855 0.038752 0.026785
57856 0.038752 0.026785
57857 0.038752 0.026785
57858 0.038646 0.026768
57859 0.038646 0.026770
57860 0.038646 0.026770
57861 0.038646 0.026770
57862 0.038646 0.026770
57863 0.038646 0.026768
57864 0.038646 0.026768
57865 0.038646 0.026768
57866 0.038619 0.026712
57867 0.038619 0.026712
57868 0.038619 0.026712
57869 0.038619 0.026712
57870 0.038592 0.026656
57871 0.038646 0.026771
57872 0.038646 0.026770
57873 0.038619 0.026712
57874 0.038592 0.026771
57875 0.038646 0.026799
57876 0.038646 0.026799
57877 0.039506 0.026906
57878 0.039523 0.026884
57879 0.039523 0.026884
57880 0.039523 0.026884
57881 0.039523 0.026884
57882 0.039676 0.026945
57883 0.039676 0.026945
57884 0.039676 0.026945
57885 0.039676 0.026945
57886 0.039676 0.026945
57887 0.039676 0.026945
57888 0.039676 0.026945
57889 0.039546 0.026931
57890 0.039546 0.026931
57891 0.039546 0.026931
57892 0.039546 0.026931
57893 0.039546 0.026931
57894 0.039563 0.026936
57895 0.039563 0.026936
57896 0.039563 0.026936
57897 0.039529 0.026884
57898 0.039526 0.026876
57899 0.039070 0.026884
57900 0.039049 0.026940
57901 0.039049 0.026940
57902 0.039049 0.026940
57903 0.039049 0.026940
57904 0.039049 0.026940
57905 0.039049 0.026940
57906 0.039049 0.026940
57907 0.039049 0.026940
57908 0.039049 0.026940
57909 0.039049 0.026940
57910 0.038971 0.026884
57911 0.038971 0.026884
57912 0.038971 0.026884
57913 0.038971 0.026884
57914 0.038971 0.026884
57915 0.038971 0.026884
57916 0.038971 0.026884
57917 0.038971 0.026884
57918 0.038971 0.026884
57919 0.038971 0.026884
57920 0.038999 0.026818
57921 0.038999 0.026818
57922 0.038999 0.026818
57923 0.038999 0.026818
57924 0.039523 0.026945
57925 0.039523 0.026945
57926 0.039523 0.026945
57927 0.039523 0.026945
57928 0.038999 0.026876
