55278 0.043211 0.019401
55279 0.043211 0.019401
55280 0.043211 0.019401
55281 0.043211 0.019401
55282 0.043211 0.019401
55283 0.043211 0.019401
55284 0.043211 0.019401
55285 0.043211 0.019401
55286 0.043211 0.019401
55287 0.043211 0.019401
55288 0.043211 0.019401
55289 0.043211 0.019401
55290 0.043211 0.019401
55291 0.043211 0.019401
55292 0.043211 0.019401
55293 0.043211 0.019401
55294 0.043211 0.019401
55295 0.043211 0.019401
55296 0.043211 0.019401
55297 0.043211 0.019401
55298 0.043211 0.019401
55299 0.043211 0.019401
55300 0.045068 0.019560
55301 0.051398 0.025117
55302 0.051398 0.025117
55303 0.051398 0.025117
55304 0.051398 0.025117
55305 0.051398 0.025117
55306 0.051398 0.025117
55307 0.051398 0.025117
55308 0.051398 0.025117
55309 0.051398 0.025117
55310 0.051398 0.025117
55311 0.051398 0.025117
55312 0.051398 0.025117
55313 0.051398 0.025117
55314 0.051398 0.025117
55315 0.051398 0.025117
55316 0.051398 0.025117
55317 0.051398 0.025117
55318 0.051398 0.025117
55319 0.052298 0.026745
55320 0.052298 0.026745
55321 0.052437 0.026745
55322 0.052608 0.027031
55323 0.052608 0.027031
55324 0.052608 0.027031
55325 0.052608 0.027031
55326 0.052608 0.027031
55327 0.052608 0.027031
55328 0.052608 0.027031
55329 0.052608 0.027031
55330 0.052608 0.027031
55331 0.052608 0.027031
55332 0.052608 0.027031
55333 0.052608 0.027031
55334 0.052608 0.027031
55335 0.052608 0.027031
55336 0.052608 0.027031
55337 0.052608 0.027031
55338 0.052608 0.027031
55339 0.052608 0.027031
55340 0.052608 0.027031
55341 0.052608 0.027031
55342 0.052608 0.027031
55343 0.052608 0.027031
55344 0.052608 0.027031
55345 0.052608 0.027031
55346 0.052608 0.027031
55347 0.052608 0.027031
55348 0.053028 0.027114
55349 0.053028 0.027114
55350 0.053028 0.027114
55351 0.053028 0.027114
55352 0.053028 0.027114
55353 0.053028 0.027114
55354 0.053028 0.027114
55355 0.053028 0.027114
55356 0.053153 0.027102
55357 0.053175 0.027114
55358 0.053175 0.027114
55359 0.053175 0.027114
55360 0.053175 0.027114
55361 0.053175 0.027114
55362 0.053175 0.027114
55363 0.053175 0.027114
55364 0.053175 0.027114
55365 0.053175 0.027114
55366 0.053175 0.027114
55367 0.053175 0.027114
55368 0.053175 0.027114
55369 0.053175 0.027114
55370 0.053175 0.027114
55371 0.053175 0.027114
55372 0.053175 0.027114
55373 0.053175 0.027114
55374 0.053175 0.027114
55375 0.053175 0.027114
55376 0.053175 0.027114
55377 0.053175 0.027114
55378 0.053175 0.027114
55379 0.053175 0.027114
55380 0.053153 0.027102
55381 0.054545 0.028445
55382 0.054545 0.028445
55383 0.054545 0.028445
55384 0.054545 0.028445
55385 0.054545 0.028445
55386 0.054545 0.028445
55387 0.054545 0.028445
55388 0.054545 0.028445
55389 0.054545 0.028445
55390 0.054545 0.028445
55391 0.054078 0.028445
55392 0.054145 0.028274
55393 0.054145 0.028274
55394 0.054145 0.028274
55395 0.054145 0.028274
55396 0.054145 0.028274
55397 0.054145 0.028274
55398 0.054145 0.028274
55399 0.054145 0.028274
55400 0.054145 0.028274
55401 0.054145 0.028274
55402 0.054184 0.027684
55403 0.054184 0.027684
55404 0.054184 0.027684
55405 0.054184 0.027684
55406 0.054184 0.027684
55407 0.054184 0.027684
55408 0.054184 0.027684
55409 0.054184 0.027684
55410 0.054184 0.027684
55411 0.054184 0.027684
55412 0.054184 0.027684
55413 0.054184 0.027684
55414 0.054184 0.027684
55415 0.054184 0.027684
55416 0.054184 0.027684
55417 0.054184 0.027684
55418 0.054184 0.027684
55419 0.054184 0.027684
55420 0.054184 0.027684
55421 0.054184 0.027684
55422 0.054650 0.028203
55423 0.054650 0.028203
55424 0.054650 0.028203
55425 0.054650 0.028203
55426 0.054650 0.028203
55427 0.054650 0.028203
55428 0.054650 0.028203
55429 0.054650 0.028203
55430 0.054650 0.028203
55431 0.054650 0.028203
55432 0.054650 0.028203
55433 0.054650 0.028203
55434 0.054650 0.028203
55435 0.054650 0.028203
55436 0.054336 0.028242
55437 0.054483 0.028349
55438 0.054483 0.028349
55439 0.054483 0.028349
55440 0.054483 0.028349
55441 0.054483 0.028349
55442 0.054483 0.028349
55443 0.054483 0.028349
55444 0.054483 0.028349
55445 0.054483 0.028349
55446 0.054483 0.028349
55447 0.054483 0.028349
55448 0.054483 0.028349
55449 0.054483 0.028349
55450 0.054483 0.028349
55451 0.054483 0.028349
55452 0.054483 0.028349
55453 0.054483 0.028349
55454 0.054039 0.028002
55455 0.054039 0.028002
55456 0.054039 0.028002
55457 0.054039 0.028002
55458 0.054039 0.028002
55459 0.054039 0.028002
55460 0.054039 0.028002
55461 0.054039 0.028002
55462 0.054039 0.028002
55463 0.054039 0.028002
55464 0.054039 0.028002
55465 0.054039 0.028002
55466 0.054039 0.028002
55467 0.054039 0.028002
55468 0.054039 0.028002
55469 0.054039 0.028002
55470 0.054039 0.028002
55471 0.054126 0.028002
55472 0.054069 0.027981
55473 0.054069 0.027981
55474 0.054069 0.027981
55475 0.054069 0.027981
55476 0.054069 0.027981
55477 0.054069 0.027981
55478 0.054069 0.027981
55479 0.054069 0.027981
55480 0.054069 0.027981
55481 0.054069 0.027981
55482 0.053960 0.027981
55483 0.053960 0.027981
55484 0.053960 0.027981
55485 0.053960 0.027981
55486 0.053960 0.027981
55487 0.053960 0.027981
55488 0.053960 0.027981
55489 0.053960 0.027981
55490 0.053960 0.027981
55491 0.053960 0.027981
55492 0.053960 0.027981
55493 0.053960 0.027981
55494 0.053960 0.027981
55495 0.053960 0.027981
55496 0.053960 0.027981
55497 0.053960 0.027981
55498 0.053960 0.027981
55499 0.053960 0.027981
55500 0.053960 0.027981
55501 0.053960 0.027981
55502 0.053581 0.027960
55503 0.053263 0.027464
55504 0.053263 0.027464
55505 0.053263 0.027464
55506 0.053263 0.027464
55507 0.053263 0.027464
55508 0.053263 0.027464
55509 0.053263 0.027464
55510 0.053295 0.027466
55511 0.053295 0.027466
55512 0.053295 0.027466
55513 0.053295 0.027466
55514 0.053295 0.027466
55515 0.053295 0.027466
55516 0.053295 0.027466
55517 0.053295 0.027466
55518 0.053295 0.027466
55519 0.053295 0.027466
55520 0.053295 0.027466
55521 0.053295 0.027466
55522 0.053295 0.027466
55523 0.053295 0.027466
55524 0.053295 0.027466
55525 0.053295 0.027466
55526 0.053295 0.027466
55527 0.053295 0.027466
55528 0.053295 0.027466
55529 0.053295 0.027466
55530 0.053295 0.027466
55531 0.053295 0.027466
55532 0.053295 0.027466
55533 0.053295 0.027466
55534 0.053085 0.027464
55535 0.053085 0.027464
55536 0.053085 0.027464
55537 0.053085 0.027464
55538 0.053085 0.027464
55539 0.053722 0.027977
55540 0.053722 0.027977
55541 0.053722 0.027977
55542 0.053722 0.027977
55543 0.053722 0.027977
55544 0.053722 0.027977
55545 0.053722 0.027977
55546 0.053722 0.027977
55547 0.053722 0.027977
55548 0.053722 0.027977
55549 0.053722 0.027977
55550 0.053722 0.027977
55551 0.053722 0.027977
55552 0.053722 0.027977
55553 0.053722 0.027977
55554 0.053722 0.027977
55555 0.053722 0.027977
55556 0.053722 0.027977
55557 0.053722 0.027977
55558 0.053722 0.027977
55559 0.053722 0.027977
55560 0.053722 0.027977
55561 0.053722 0.027977
55562 0.053733 0.027940
55563 0.053733 0.027940
55564 0.053733 0.027940
55565 0.053733 0.027940
55566 0.053733 0.027940
55567 0.053733 0.027940
55568 0.053733 0.027940
55569 0.053733 0.027940
55570 0.053733 0.027940
55571 0.053733 0.027940
55572 0.053733 0.027940
55573 0.053733 0.027940
55574 0.053733 0.027940
55575 0.053733 0.027940
55576 0.053733 0.027940
55577 0.053733 0.027940
55578 0.054008 0.028035
55579 0.054008 0.028035
55580 0.054008 0.028035
55581 0.054008 0.028035
55582 0.054008 0.028035
55583 0.054322 0.028713
55584 0.054322 0.028713
55585 0.054322 0.028713
55586 0.054322 0.028713
55587 0.054322 0.028713
55588 0.054322 0.028713
55589 0.054322 0.028713
55590 0.054322 0.028713
55591 0.054322 0.028713
55592 0.054322 0.028713
55593 0.054322 0.028713
55594 0.054322 0.028713
55595 0.054322 0.028713
55596 0.054322 0.028713
55597 0.054322 0.028713
55598 0.054322 0.028713
55599 0.054322 0.028713
55600 0.054322 0.028713
55601 0.054322 0.028713
55602 0.054357 0.028749
55603 0.054357 0.028749
55604 0.054357 0.028749
55605 0.054357 0.028749
55606 0.054357 0.028749
55607 0.054357 0.028749
55608 0.054357 0.028749
55609 0.054357 0.028749
55610 0.054357 0.028749
55611 0.054357 0.028749
55612 0.054357 0.028749
55613 0.054357 0.028749
55614 0.054357 0.028749
55615 0.054357 0.028749
55616 0.054357 0.028749
55617 0.054357 0.028749
55618 0.054357 0.028749
55619 0.054457 0.028657
55620 0.054457 0.028657
55621 0.054457 0.028657
55622 0.054457 0.028657
55623 0.054457 0.028657
55624 0.054457 0.028657
55625 0.054457 0.028657
55626 0.054457 0.028657
55627 0.054457 0.028657
55628 0.054457 0.028657
55629 0.054457 0.028657
55630 0.054457 0.028657
55631 0.054457 0.028657
55632 0.054457 0.028657
55633 0.054457 0.028657
55634 0.054457 0.028657
55635 0.054331 0.028960
55636 0.054331 0.028960
55637 0.054331 0.028960
55638 0.054331 0.028960
55639 0.054331 0.028960
55640 0.054331 0.028960
55641 0.054331 0.028960
55642 0.054331 0.028960
55643 0.054331 0.028960
55644 0.054331 0.028960
55645 0.054331 0.028960
55646 0.054331 0.028960
55647 0.054331 0.028960
55648 0.054331 0.028960
55649 0.054331 0.028960
55650 0.054331 0.028960
55651 0.054331 0.028960
55652 0.054331 0.028960
55653 0.054331 0.028960
55654 0.054331 0.028960
55655 0.054331 0.028960
55656 0.054331 0.028960
55657 0.054331 0.028960
55658 0.054289 0.028996
55659 0.054289 0.028996
55660 0.054289 0.028996
55661 0.054289 0.028996
55662 0.054289 0.028996
55663 0.054289 0.028996
55664 0.054289 0.028996
55665 0.054341 0.029163
55666 0.054341 0.029163
55667 0.054341 0.029163
55668 0.054341 0.029163
55669 0.054341 0.029163
55670 0.054341 0.029163
55671 0.054341 0.029163
55672 0.054341 0.029163
55673 0.054341 0.029163
55674 0.054341 0.029163
55675 0.054341 0.029163
55676 0.054341 0.029163
55677 0.054341 0.029163
55678 0.054341 0.029163
55679 0.054341 0.029163
55680 0.054341 0.029163
55681 0.054341 0.029163
55682 0.054144 0.029324
55683 0.054144 0.029324
55684 0.054144 0.029324
55685 0.054144 0.029324
55686 0.054144 0.029324
55687 0.054144 0.029324
55688 0.054144 0.029324
55689 0.054144 0.029324
55690 0.054144 0.029324
55691 0.054144 0.029324
55692 0.054051 0.029180
55693 0.053819 0.028821
55694 0.053819 0.028821
55695 0.053819 0.028821
55696 0.053819 0.028821
55697 0.053819 0.028821
55698 0.053819 0.028821
55699 0.053819 0.028821
55700 0.053819 0.028821
55701 0.053819 0.028821
55702 0.053819 0.028821
55703 0.053819 0.028821
55704 0.053819 0.028821
55705 0.053819 0.028821
55706 0.053819 0.028821
55707 0.053819 0.028821
55708 0.053819 0.028821
55709 0.053819 0.028821
55710 0.053819 0.028821
55711 0.053819 0.028821
55712 0.053819 0.028821
55713 0.053819 0.028821
55714 0.053819 0.028821
55715 0.053711 0.028204
55716 0.053711 0.028204
55717 0.053711 0.028204
55718 0.053711 0.028204
55719 0.053711 0.028204
55720 0.053711 0.028204
55721 0.053711 0.028204
55722 0.053711 0.028204
55723 0.053711 0.028204
55724 0.053711 0.028204
55725 0.053711 0.028204
55726 0.054077 0.028369
55727 0.053878 0.028285
55728 0.053878 0.028285
55729 0.053878 0.028285
55730 0.053878 0.028285
55731 0.053878 0.028285
55732 0.053878 0.028285
55733 0.053878 0.028285
55734 0.053878 0.028285
55735 0.053878 0.028285
55736 0.053878 0.028285
55737 0.053878 0.028285
55738 0.053878 0.028285
55739 0.053878 0.028285
55740 0.053878 0.028285
55741 0.053878 0.028285
55742 0.053878 0.028285
55743 0.053878 0.028285
55744 0.053878 0.028285
55745 0.053603 0.028105
55746 0.053603 0.028105
55747 0.053603 0.028105
55748 0.053603 0.028105
55749 0.053603 0.028105
55750 0.053603 0.028105
55751 0.053603 0.028105
55752 0.053603 0.028105
55753 0.053603 0.028105
55754 0.053603 0.028105
55755 0.053603 0.028105
55756 0.053603 0.028105
55757 0.053603 0.028105
55758 0.053603 0.028105
55759 0.053603 0.028105
55760 0.053603 0.028105
55761 0.053292 0.028037
55762 0.053297 0.028023
55763 0.053297 0.028023
55764 0.053297 0.028023
55765 0.053297 0.028023
55766 0.053297 0.028023
55767 0.053297 0.028023
55768 0.053297 0.028023
55769 0.053297 0.028023
55770 0.053297 0.028023
55771 0.053297 0.028023
55772 0.053292 0.027994
55773 0.053269 0.027994
55774 0.053269 0.027994
55775 0.053269 0.027994
55776 0.053269 0.027994
55777 0.053269 0.027994
55778 0.053269 0.027994
55779 0.053269 0.027994
55780 0.053269 0.027994
55781 0.053269 0.027994
55782 0.053269 0.027994
55783 0.053269 0.027994
55784 0.053269 0.027994
55785 0.053269 0.027994
55786 0.053269 0.027994
55787 0.053269 0.027994
55788 0.053269 0.027994
55789 0.053288 0.028075
55790 0.053288 0.028075
55791 0.053288 0.028075
55792 0.053288 0.028075
55793 0.053288 0.028075
55794 0.053288 0.028075
55795 0.053288 0.028075
55796 0.053288 0.028075
55797 0.053288 0.028075
55798 0.053288 0.028075
55799 0.053288 0.028075
55800 0.053288 0.028075
55801 0.053288 0.028075
55802 0.053288 0.028075
55803 0.053288 0.028075
55804 0.053288 0.028075
55805 0.053288 0.028075
55806 0.052994 0.027965
55807 0.053092 0.027965
55808 0.053092 0.027965
55809 0.053092 0.027965
55810 0.053092 0.027965
55811 0.053092 0.027965
55812 0.053092 0.027965
55813 0.053092 0.027965
55814 0.053092 0.027965
55815 0.053092 0.027965
55816 0.053092 0.027965
55817 0.053092 0.027965
55818 0.053092 0.027965
55819 0.053092 0.027965
55820 0.053092 0.027965
55821 0.053092 0.027965
55822 0.053092 0.027965
55823 0.053092 0.027965
55824 0.053092 0.027965
55825 0.052849 0.028240
55826 0.052849 0.028240
55827 0.052849 0.028240
55828 0.052849 0.028240
55829 0.052849 0.028240
55830 0.052849 0.028240
55831 0.052849 0.028240
55832 0.052849 0.028240
55833 0.052849 0.028240
55834 0.052849 0.028240
55835 0.052849 0.028240
55836 0.052849 0.028240
55837 0.052849 0.028240
55838 0.052849 0.028240
55839 0.052849 0.028240
55840 0.052849 0.028240
55841 0.052806 0.028514
55842 0.052794 0.028515
55843 0.052794 0.028515
55844 0.052794 0.028515
55845 0.052794 0.028515
55846 0.052794 0.028515
55847 0.052794 0.028515
55848 0.052794 0.028515
55849 0.052794 0.028515
55850 0.052794 0.028515
55851 0.052794 0.028515
55852 0.052794 0.028515
55853 0.052794 0.028515
55854 0.052548 0.028514
55855 0.052548 0.028514
55856 0.052548 0.028514
55857 0.052548 0.028514
55858 0.052548 0.028514
55859 0.052548 0.028514
55860 0.052548 0.028514
55861 0.052548 0.028514
55862 0.052548 0.028514
55863 0.052548 0.028514
55864 0.052548 0.028514
55865 0.052548 0.028514
55866 0.052548 0.028514
55867 0.052548 0.028514
55868 0.052548 0.028514
55869 0.052096 0.028715
55870 0.052096 0.028715
55871 0.052096 0.028715
55872 0.052096 0.028715
55873 0.052096 0.028715
55874 0.052096 0.028715
55875 0.052096 0.028715
55876 0.052096 0.028715
55877 0.052096 0.028715
55878 0.052096 0.028715
55879 0.052096 0.028715
55880 0.052342 0.029120
55881 0.052342 0.029120
55882 0.052342 0.029120
55883 0.052342 0.029120
55884 0.052342 0.029120
55885 0.052342 0.029120
55886 0.052342 0.029120
55887 0.052342 0.029120
55888 0.052342 0.029120
55889 0.052342 0.029120
55890 0.052342 0.029120
55891 0.052342 0.029120
55892 0.052342 0.029120
55893 0.052342 0.029120
55894 0.052342 0.029120
55895 0.052342 0.029120
55896 0.052342 0.029120
55897 0.052342 0.029120
55898 0.052342 0.029120
55899 0.052342 0.029120
55900 0.052342 0.029120
55901 0.052342 0.029120
55902 0.052342 0.029120
55903 0.052342 0.029120
55904 0.052342 0.029120
55905 0.052457 0.029444
55906 0.052457 0.029444
55907 0.052457 0.029444
55908 0.052457 0.029444
55909 0.052457 0.028998
55910 0.052457 0.028998
55911 0.052457 0.028998
55912 0.052457 0.028998
55913 0.052457 0.028998
55914 0.052457 0.028998
55915 0.052457 0.028998
55916 0.052457 0.028998
55917 0.052457 0.028998
55918 0.052457 0.028998
55919 0.052457 0.028998
55920 0.052457 0.028998
55921 0.052457 0.028998
55922 0.052457 0.028998
55923 0.052457 0.028998
55924 0.052457 0.028998
55925 0.052457 0.028998
55926 0.052457 0.028998
55927 0.052457 0.028998
55928 0.052457 0.028998
55929 0.052457 0.028998
55930 0.052457 0.028998
55931 0.052457 0.028998
55932 0.052457 0.028998
55933 0.052534 0.028958
55934 0.053076 0.029075
55935 0.053076 0.029075
55936 0.053076 0.029075
55937 0.052827 0.029044
55938 0.052827 0.029044
55939 0.052827 0.029044
55940 0.052827 0.029044
55941 0.052827 0.029044
55942 0.052827 0.029044
55943 0.052827 0.029044
55944 0.052827 0.029044
55945 0.052827 0.029044
55946 0.052827 0.029044
55947 0.052827 0.029044
55948 0.052827 0.029044
55949 0.052827 0.029044
55950 0.052827 0.029044
55951 0.052827 0.029044
55952 0.052827 0.029044
55953 0.052827 0.029044
55954 0.052827 0.029044
55955 0.052827 0.029044
55956 0.052827 0.029044
55957 0.052827 0.029044
55958 0.052827 0.029044
55959 0.052827 0.029044
55960 0.052678 0.028855
55961 0.052678 0.028855
55962 0.052678 0.028855
55963 0.052678 0.028855
55964 0.052616 0.028754
55965 0.052609 0.028824
55966 0.052609 0.028824
55967 0.052609 0.028824
55968 0.052609 0.028824
55969 0.052609 0.028824
55970 0.052609 0.028824
55971 0.052609 0.028824
55972 0.052609 0.028824
55973 0.052609 0.028824
55974 0.052609 0.028824
55975 0.052609 0.028824
55976 0.052609 0.028824
55977 0.052609 0.028824
55978 0.052609 0.028824
55979 0.052609 0.028824
55980 0.052609 0.028824
55981 0.052609 0.028824
55982 0.052609 0.028824
55983 0.052609 0.028824
55984 0.052609 0.028824
55985 0.052609 0.028824
55986 0.052609 0.028824
55987 0.052609 0.028824
55988 0.052609 0.028824
55989 0.052654 0.028824
55990 0.052654 0.028824
55991 0.052654 0.028824
55992 0.052654 0.028824
55993 0.052654 0.028824
55994 0.052654 0.028824
55995 0.052654 0.028757
55996 0.052486 0.028625
55997 0.052486 0.028625
55998 0.052486 0.028625
55999 0.052486 0.028625
56000 0.052486 0.028625
56001 0.052486 0.028625
56002 0.052486 0.028625
56003 0.052486 0.028625
56004 0.052486 0.028625
56005 0.052486 0.028625
56006 0.052486 0.028625
56007 0.052486 0.028625
56008 0.052486 0.028625
56009 0.052486 0.028625
56010 0.052486 0.028625
56011 0.052486 0.028625
56012 0.052486 0.028625
56013 0.052402 0.028557
56014 0.052402 0.028557
56015 0.052402 0.028557
56016 0.052402 0.028557
56017 0.052368 0.028475
56018 0.052368 0.028475
56019 0.052368 0.028475
56020 0.052368 0.028475
56021 0.052368 0.028475
56022 0.052368 0.028475
56023 0.052368 0.028475
56024 0.052368 0.028475
56025 0.052368 0.028475
56026 0.052368 0.028475
56027 0.052368 0.028475
56028 0.052368 0.028475
56029 0.052204 0.028457
56030 0.052204 0.028457
56031 0.052204 0.028457
56032 0.052204 0.028457
56033 0.052204 0.028457
56034 0.052204 0.028457
56035 0.052204 0.028457
56036 0.052204 0.028457
56037 0.052204 0.028457
56038 0.052204 0.028457
56039 0.052204 0.028457
56040 0.052204 0.028457
56041 0.052204 0.028457
56042 0.052204 0.028457
56043 0.052204 0.028457
56044 0.052107 0.028369
56045 0.052109 0.028357
56046 0.052109 0.028357
56047 0.052109 0.028357
56048 0.052109 0.028357
56049 0.052109 0.028357
56050 0.052109 0.028357
56051 0.052109 0.028357
56052 0.052109 0.028357
56053 0.052109 0.028357
56054 0.052109 0.028357
56055 0.052070 0.028428
56056 0.052070 0.028428
56057 0.052070 0.028428
56058 0.052070 0.028428
56059 0.052070 0.028428
56060 0.052070 0.028428
56061 0.052109 0.028457
56062 0.052109 0.028457
56063 0.052109 0.028457
56064 0.052109 0.028457
56065 0.052109 0.028457
56066 0.052109 0.028457
56067 0.052109 0.028457
56068 0.052109 0.028457
56069 0.052109 0.028457
56070 0.052109 0.028457
56071 0.052109 0.028457
56072 0.052109 0.028457
56073 0.052109 0.028457
56074 0.052109 0.028457
56075 0.052084 0.028457
56076 0.051759 0.028635
56077 0.051759 0.028635
56078 0.051759 0.028635
56079 0.051759 0.028635
56080 0.051759 0.028635
56081 0.051759 0.028635
56082 0.051759 0.028635
56083 0.051759 0.028635
56084 0.051759 0.028635
56085 0.051759 0.028635
56086 0.051759 0.028635
56087 0.051759 0.028635
56088 0.051759 0.028635
56089 0.051759 0.028635
56090 0.051759 0.028725
56091 0.051703 0.028832
56092 0.051703 0.028832
56093 0.051703 0.028832
56094 0.051703 0.028832
56095 0.051703 0.028832
56096 0.051703 0.028832
56097 0.051703 0.028832
56098 0.051703 0.028832
56099 0.051703 0.028832
56100 0.051703 0.028832
56101 0.051703 0.028832
56102 0.051703 0.028832
56103 0.051703 0.028832
56104 0.051703 0.028832
56105 0.051703 0.028832
56106 0.051686 0.028832
56107 0.051686 0.028832
56108 0.051686 0.028832
56109 0.051721 0.029065
56110 0.051721 0.029065
56111 0.051721 0.029065
56112 0.051686 0.029065
56113 0.051721 0.029152
56114 0.051721 0.029152
56115 0.051721 0.029152
56116 0.051721 0.029152
56117 0.051721 0.029152
56118 0.051721 0.029152
56119 0.051721 0.029152
56120 0.051721 0.029152
56121 0.051721 0.029152
56122 0.051721 0.029152
56123 0.051721 0.029152
56124 0.051721 0.029152
56125 0.051721 0.029152
56126 0.051721 0.029152
56127 0.051721 0.029152
56128 0.051721 0.029152
56129 0.051721 0.029152
56130 0.051721 0.029152
56131 0.051721 0.029152
56132 0.051721 0.029152
56133 0.051834 0.029067
56134 0.051834 0.029067
56135 0.052180 0.029192
56136 0.052180 0.029192
56137 0.052180 0.029192
56138 0.052180 0.029192
56139 0.052180 0.029192
56140 0.052180 0.029192
56141 0.051823 0.029249
56142 0.051823 0.029249
56143 0.051823 0.029249
56144 0.051823 0.029249
56145 0.051823 0.029249
56146 0.051823 0.029249
56147 0.051823 0.029249
56148 0.051823 0.029249
56149 0.051823 0.029249
56150 0.051823 0.029249
56151 0.051823 0.029249
56152 0.051823 0.029249
56153 0.051813 0.029192
56154 0.051823 0.029140
56155 0.051813 0.029128
56156 0.051813 0.029128
56157 0.051813 0.029128
56158 0.051813 0.029128
56159 0.051813 0.029128
56160 0.051813 0.029128
56161 0.051813 0.029128
56162 0.051813 0.029128
56163 0.051813 0.029128
56164 0.051813 0.029128
56165 0.051813 0.029128
56166 0.051813 0.029128
56167 0.051813 0.029128
56168 0.051813 0.029128
56169 0.051813 0.029128
56170 0.051834 0.029128
56171 0.052009 0.029084
56172 0.052009 0.029084
56173 0.052009 0.029084
56174 0.051991 0.029308
56175 0.051991 0.029308
56176 0.051991 0.029308
56177 0.051991 0.029308
56178 0.051991 0.029308
56179 0.051991 0.029308
56180 0.051991 0.029308
56181 0.051991 0.029308
56182 0.051991 0.029308
56183 0.051991 0.029308
56184 0.051991 0.029308
56185 0.051991 0.029308
56186 0.051991 0.029308
56187 0.051991 0.029308
56188 0.051991 0.029308
56189 0.051991 0.029308
56190 0.052019 0.029334
56191 0.052019 0.029334
56192 0.052087 0.029405
56193 0.052067 0.029406
56194 0.052067 0.029406
56195 0.052087 0.029102
56196 0.052087 0.029102
56197 0.052087 0.029102
56198 0.052087 0.029102
56199 0.052087 0.029102
56200 0.052087 0.029102
56201 0.052087 0.029102
56202 0.052087 0.029102
56203 0.052087 0.029102
56204 0.052087 0.029102
56205 0.052087 0.029102
56206 0.052087 0.029102
56207 0.052087 0.029102
56208 0.052087 0.029102
56209 0.052087 0.029102
56210 0.052087 0.029102
56211 0.051991 0.029054
56212 0.051991 0.029054
56213 0.051930 0.029102
56214 0.051930 0.029102
56215 0.051940 0.029115
56216 0.051940 0.029115
56217 0.051940 0.029115
56218 0.051940 0.029115
56219 0.051940 0.029115
56220 0.051940 0.029115
56221 0.051940 0.029115
56222 0.051940 0.029115
56223 0.051940 0.029115
56224 0.051940 0.029115
56225 0.051940 0.029115
56226 0.051940 0.029115
56227 0.051940 0.029115
56228 0.051940 0.029115
56229 0.051999 0.029115
56230 0.051999 0.029115
56231 0.051991 0.029128
56232 0.051991 0.029128
56233 0.052006 0.029145
56234 0.051991 0.029174
56235 0.051999 0.029175
56236 0.051999 0.029175
56237 0.051999 0.029175
56238 0.051999 0.029175
56239 0.051999 0.029175
56240 0.051999 0.029175
56241 0.051999 0.029175
56242 0.051999 0.029175
56243 0.051999 0.029175
56244 0.051999 0.029175
56245 0.051999 0.029175
56246 0.051999 0.029175
56247 0.051999 0.029175
56248 0.051999 0.029175
56249 0.051869 0.029175
56250 0.051808 0.029160
56251 0.051808 0.029054
56252 0.051808 0.029054
56253 0.051808 0.029054
56254 0.051780 0.028865
56255 0.051780 0.028865
56256 0.051780 0.028865
56257 0.051780 0.028865
56258 0.051780 0.028865
56259 0.051780 0.028865
56260 0.051780 0.028865
56261 0.051780 0.028865
56262 0.051780 0.028865
56263 0.051780 0.028865
56264 0.051780 0.028865
56265 0.051780 0.028865
56266 0.051780 0.028865
56267 0.051780 0.028865
56268 0.051780 0.028865
56269 0.051780 0.028865
56270 0.051749 0.028776
56271 0.051749 0.028776
56272 0.051747 0.028791
56273 0.051744 0.028790
56274 0.051744 0.028790
56275 0.051713 0.028968
56276 0.051713 0.028968
56277 0.051713 0.028968
56278 0.051713 0.028968
56279 0.051713 0.028968
56280 0.051713 0.028968
56281 0.051713 0.028968
56282 0.051713 0.028968
56283 0.051713 0.028968
56284 0.051713 0.028968
56285 0.051713 0.028968
56286 0.051713 0.028968
56287 0.051713 0.028968
56288 0.051713 0.028968
56289 0.051713 0.028968
56290 0.051534 0.028968
56291 0.051713 0.028995
56292 0.051713 0.028847
56293 0.051713 0.028847
56294 0.051607 0.028967
56295 0.051607 0.028967
56296 0.051607 0.028967
56297 0.051607 0.028967
56298 0.051607 0.028967
56299 0.051607 0.028967
56300 0.051607 0.028967
56301 0.051607 0.028967
56302 0.051607 0.028967
56303 0.051607 0.028967
56304 0.051607 0.028967
56305 0.051607 0.028967
56306 0.051607 0.028967
56307 0.051583 0.028995
56308 0.051583 0.028986
56309 0.051546 0.028986
56310 0.051546 0.028986
56311 0.051532 0.028920
56312 0.051532 0.028920
56313 0.051532 0.028920
56314 0.051532 0.028920
56315 0.051669 0.029277
56316 0.051669 0.029277
56317 0.051669 0.029277
56318 0.051669 0.029277
56319 0.051669 0.029277
56320 0.051669 0.029277
56321 0.051669 0.029277
56322 0.051669 0.029277
56323 0.051669 0.029277
56324 0.051669 0.029277
56325 0.051669 0.029277
56326 0.051669 0.029277
56327 0.051669 0.029277
56328 0.051669 0.029277
56329 0.051734 0.029094
56330 0.051734 0.029094
56331 0.051745 0.029172
56332 0.051745 0.029172
56333 0.051745 0.029172
56334 0.051745 0.029172
56335 0.051745 0.029169
56336 0.051745 0.029169
56337 0.051745 0.029169
56338 0.051745 0.029169
56339 0.051745 0.029169
56340 0.051745 0.029169
56341 0.051745 0.029169
56342 0.051745 0.029169
56343 0.051745 0.029169
56344 0.051745 0.029169
56345 0.051745 0.029169
56346 0.051745 0.029169
56347 0.051745 0.029094
56348 0.051736 0.029032
56349 0.051736 0.029032
56350 0.051736 0.029032
56351 0.051736 0.029032
56352 0.051739 0.029026
56353 0.051745 0.029068
56354 0.051745 0.029068
56355 0.051745 0.029068
56356 0.051745 0.029068
56357 0.051745 0.029068
56358 0.051745 0.029068
56359 0.051745 0.029068
56360 0.051739 0.029109
56361 0.051739 0.029109
56362 0.051739 0.029109
56363 0.051739 0.029109
56364 0.051739 0.029109
56365 0.051739 0.029109
56366 0.051739 0.029109
56367 0.051739 0.029109
56368 0.051636 0.028915
56369 0.051636 0.028915
56370 0.051636 0.028915
56371 0.051602 0.028909
56372 0.051613 0.028967
56373 0.051613 0.028967
56374 0.051634 0.028903
56375 0.051634 0.028903
56376 0.051634 0.028903
56377 0.051634 0.028903
56378 0.051634 0.028903
56379 0.051634 0.028903
56380 0.051634 0.028903
56381 0.051634 0.028903
56382 0.051634 0.028903
56383 0.051634 0.028903
56384 0.051634 0.028903
56385 0.051634 0.028903
56386 0.051634 0.028903
56387 0.051652 0.028847
56388 0.051652 0.028864
56389 0.051652 0.028864
56390 0.051652 0.028864
56391 0.051652 0.028864
56392 0.051602 0.029068
56393 0.051705 0.029116
56394 0.051705 0.029116
56395 0.051552 0.028915
56396 0.051552 0.028915
56397 0.051552 0.028915
56398 0.051552 0.028915
56399 0.051552 0.028915
56400 0.051552 0.028915
56401 0.051552 0.028915
56402 0.051552 0.028915
56403 0.051552 0.028915
56404 0.051552 0.028915
56405 0.051552 0.028915
56406 0.051552 0.028915
56407 0.051552 0.028915
56408 0.051552 0.028915
56409 0.051327 0.029057
56410 0.051327 0.029057
56411 0.050963 0.029073
56412 0.050926 0.029078
56413 0.050926 0.029078
56414 0.050926 0.029078
56415 0.050918 0.029093
56416 0.050918 0.029093
56417 0.050918 0.029093
56418 0.050918 0.029093
56419 0.050918 0.029093
56420 0.050918 0.029093
56421 0.050918 0.029093
56422 0.050918 0.029093
56423 0.050918 0.029093
56424 0.050918 0.029093
56425 0.050918 0.029093
56426 0.050918 0.029093
56427 0.050918 0.029109
56428 0.050848 0.029158
56429 0.050848 0.029158
56430 0.050848 0.029158
56431 0.050848 0.029158
56432 0.050848 0.029158
56433 0.050848 0.029158
56434 0.050786 0.029236
56435 0.050786 0.029236
56436 0.050786 0.029236
56437 0.050786 0.029236
56438 0.050786 0.029236
56439 0.050786 0.029236
56440 0.050817 0.029232
56441 0.050817 0.029232
56442 0.050817 0.029232
56443 0.050817 0.029232
56444 0.050817 0.029232
56445 0.050817 0.029232
56446 0.050848 0.029228
56447 0.050848 0.029228
56448 0.050652 0.029452
56449 0.050652 0.029452
56450 0.050652 0.029452
56451 0.050637 0.029541
56452 0.050637 0.029541
56453 0.050750 0.029415
56454 0.050765 0.029364
56455 0.050765 0.029364
56456 0.050765 0.029364
56457 0.050765 0.029364
56458 0.050765 0.029364
56459 0.050765 0.029364
56460 0.050765 0.029364
56461 0.050765 0.029364
56462 0.050765 0.029364
56463 0.050765 0.029364
56464 0.050765 0.029364
56465 0.050765 0.029364
56466 0.050765 0.029364
56467 0.050765 0.029364
56468 0.050765 0.029364
56469 0.050765 0.029364
56470 0.050765 0.029364
56471 0.050765 0.029364
56472 0.050519 0.029364
56473 0.050447 0.029016
56474 0.050453 0.029014
56475 0.050453 0.029014
56476 0.050453 0.029014
56477 0.050453 0.029014
56478 0.050453 0.029014
56479 0.050453 0.029014
56480 0.050453 0.029014
56481 0.050519 0.029228
56482 0.050447 0.029386
56483 0.050304 0.029415
56484 0.050304 0.029415
56485 0.050304 0.029415
56486 0.050304 0.029415
56487 0.050304 0.029415
56488 0.050304 0.029415
56489 0.050304 0.029415
56490 0.050304 0.029415
56491 0.050504 0.029754
56492 0.050512 0.029872
56493 0.050512 0.029872
56494 0.050512 0.029872
56495 0.050512 0.029872
56496 0.050512 0.029872
56497 0.050512 0.029872
56498 0.050512 0.029872
56499 0.050512 0.029872
56500 0.050512 0.029872
56501 0.050512 0.029872
56502 0.050512 0.029872
56503 0.050512 0.029872
56504 0.050512 0.029872
56505 0.050512 0.029872
56506 0.050512 0.029872
56507 0.050512 0.029872
56508 0.050512 0.029872
56509 0.050512 0.029872
56510 0.050512 0.029872
56511 0.050455 0.029553
56512 0.050452 0.028534
56513 0.050452 0.028534
56514 0.050455 0.028255
56515 0.050455 0.028255
56516 0.050455 0.028255
56517 0.050455 0.028255
56518 0.050455 0.028255
56519 0.050455 0.028255
56520 0.050455 0.028255
56521 0.050455 0.028255
56522 0.050455 0.028255
56523 0.050455 0.028255
56524 0.050455 0.028255
56525 0.050455 0.028255
56526 0.050452 0.028319
56527 0.050452 0.028319
56528 0.050452 0.028255
56529 0.050452 0.028255
56530 0.050452 0.028255
56531 0.050452 0.028255
56532 0.050452 0.028255
56533 0.050306 0.028383
56534 0.050127 0.027995
56535 0.050127 0.027995
56536 0.050127 0.027995
56537 0.050127 0.027995
56538 0.050127 0.027995
56539 0.050127 0.027995
56540 0.050127 0.027995
56541 0.050127 0.027995
56542 0.050127 0.027995
56543 0.050127 0.027995
56544 0.050127 0.027995
56545 0.050127 0.027995
56546 0.050304 0.015207
56547 0.050313 0.015070
56548 0.050313 0.015070
56549 0.050313 0.015070
56550 0.050313 0.015070
56551 0.050313 0.015070
56552 0.050313 0.015070
56553 0.050313 0.015070
56554 0.050307 0.015031
56555 0.050307 0.015031
56556 0.050307 0.015031
56557 0.050307 0.015031
56558 0.050307 0.015031
56559 0.050307 0.015031
56560 0.050307 0.015031
56561 0.050138 0.014863
56562 0.050312 0.014676
56563 0.050476 0.014565
56564 0.050476 0.014565
56565 0.050476 0.014565
56566 0.050476 0.014565
56567 0.050476 0.014565
56568 0.050476 0.014565
56569 0.050476 0.014565
56570 0.050476 0.014565
56571 0.050476 0.014565
56572 0.050476 0.014565
56573 0.050476 0.014565
56574 0.050476 0.014565
56575 0.050740 0.014676
56576 0.050740 0.014676
56577 0.050740 0.014676
56578 0.050740 0.014676
56579 0.050740 0.014676
56580 0.050740 0.014676
56581 0.050740 0.014676
56582 0.050740 0.014676
56583 0.050740 0.014676
56584 0.050740 0.014676
56585 0.050740 0.014676
56586 0.050740 0.014676
56587 0.050740 0.014676
56588 0.050740 0.014676
56589 0.050740 0.014676
56590 0.050740 0.014676
56591 0.050945 0.014679
56592 0.051248 0.014859
56593 0.051248 0.014859
56594 0.051248 0.014859
56595 0.051248 0.014859
56596 0.051248 0.014859
56597 0.051248 0.014859
56598 0.051248 0.014859
56599 0.051248 0.014859
56600 0.051248 0.014859
56601 0.051248 0.014859
56602 0.051256 0.014902
56603 0.051256 0.014902
56604 0.051256 0.014902
56605 0.051256 0.014902
56606 0.051256 0.014902
56607 0.051256 0.014902
56608 0.051256 0.014902
56609 0.051256 0.014902
56610 0.051256 0.014902
56611 0.051256 0.014902
56612 0.051256 0.014902
56613 0.051256 0.014902
56614 0.051256 0.014902
56615 0.051256 0.014902
56616 0.051256 0.014902
56617 0.051256 0.014902
56618 0.051256 0.014902
56619 0.051256 0.014902
56620 0.051256 0.014902
56621 0.051256 0.014902
56622 0.051256 0.014902
56623 0.051256 0.014902
56624 0.051256 0.014902
56625 0.051256 0.014902
56626 0.051357 0.014928
56627 0.051358 0.015046
56628 0.051358 0.015046
56629 0.051358 0.015046
56630 0.051358 0.015046
56631 0.051358 0.015046
56632 0.051358 0.015046
56633 0.051358 0.015046
56634 0.051358 0.015046
56635 0.051358 0.015046
56636 0.051473 0.015197
56637 0.051473 0.015197
56638 0.051476 0.015223
56639 0.051476 0.015223
56640 0.051476 0.015223
56641 0.051476 0.015223
56642 0.051476 0.015223
56643 0.051476 0.015223
56644 0.051476 0.015223
56645 0.051476 0.015223
56646 0.051476 0.015223
56647 0.051476 0.015223
56648 0.051476 0.015223
56649 0.051476 0.015223
56650 0.051476 0.015223
56651 0.051476 0.015223
56652 0.051476 0.015223
56653 0.051476 0.015223
56654 0.051476 0.015223
56655 0.051641 0.015256
56656 0.051641 0.015256
56657 0.051641 0.015256
56658 0.051641 0.015256
56659 0.051641 0.015256
56660 0.051641 0.015256
56661 0.051641 0.015256
56662 0.051641 0.015256
56663 0.051641 0.015256
56664 0.051615 0.015256
56665 0.051615 0.015256
56666 0.051607 0.015207
56667 0.051549 0.015198
56668 0.051549 0.015198
56669 0.051549 0.015198
56670 0.051607 0.015230
56671 0.051607 0.015230
56672 0.051607 0.015230
56673 0.051607 0.015230
56674 0.051607 0.015230
56675 0.051607 0.015230
56676 0.051607 0.015230
56677 0.051607 0.015230
56678 0.051607 0.015230
56679 0.051607 0.015230
56680 0.051607 0.015230
56681 0.051607 0.015230
56682 0.051844 0.015458
56683 0.051844 0.015458
56684 0.051844 0.015458
56685 0.051844 0.015458
56686 0.051844 0.015458
56687 0.051844 0.015458
56688 0.051644 0.015314
56689 0.051644 0.015314
56690 0.051644 0.015314
56691 0.051644 0.015314
56692 0.051644 0.015314
56693 0.051644 0.015314
56694 0.051644 0.015314
56695 0.051644 0.015314
56696 0.051655 0.015367
56697 0.051655 0.015367
56698 0.051655 0.015367
56699 0.051655 0.015367
56700 0.051655 0.015367
56701 0.051655 0.015367
56702 0.051655 0.015367
56703 0.051655 0.015367
56704 0.051655 0.015367
56705 0.051655 0.015367
56706 0.051655 0.015367
56707 0.051655 0.015367
56708 0.051655 0.015367
56709 0.051655 0.015367
56710 0.051655 0.015367
56711 0.051655 0.015367
56712 0.051655 0.015367
56713 0.051655 0.015367
56714 0.051655 0.015367
56715 0.051655 0.015367
56716 0.051493 0.015271
56717 0.051493 0.015271
56718 0.051486 0.015249
56719 0.051480 0.015237
56720 0.051480 0.015237
56721 0.051480 0.015237
56722 0.051480 0.015237
56723 0.051480 0.015237
56724 0.051482 0.015367
56725 0.051482 0.015367
56726 0.051480 0.015305
56727 0.051480 0.015305
56728 0.051480 0.015305
56729 0.051480 0.015305
56730 0.051480 0.015305
56731 0.051480 0.015305
56732 0.051480 0.015305
56733 0.051480 0.015305
56734 0.051480 0.015305
56735 0.051480 0.015305
56736 0.051480 0.015305
56737 0.051480 0.015305
56738 0.051480 0.015305
56739 0.051480 0.015305
56740 0.051480 0.015305
56741 0.051480 0.015305
56742 0.051480 0.015305
56743 0.051480 0.015305
56744 0.051452 0.015305
56745 0.051452 0.015305
56746 0.051480 0.015324
56747 0.051482 0.015368
56748 0.051482 0.015368
56749 0.051482 0.015368
56750 0.051480 0.015368
56751 0.051480 0.015368
56752 0.051480 0.015368
56753 0.051363 0.015285
56754 0.051363 0.015285
56755 0.051347 0.015245
56756 0.051347 0.015245
56757 0.051347 0.015245
56758 0.051347 0.015245
56759 0.051347 0.015245
56760 0.051347 0.015245
56761 0.051347 0.015245
56762 0.051347 0.015245
56763 0.051347 0.015245
56764 0.051347 0.015245
56765 0.051347 0.015245
56766 0.051347 0.015245
56767 0.051326 0.015245
56768 0.051363 0.015264
56769 0.051363 0.015264
56770 0.051363 0.015264
56771 0.051363 0.015264
56772 0.051363 0.015264
56773 0.051363 0.015264
56774 0.051363 0.015264
56775 0.051363 0.015264
56776 0.051326 0.015244
56777 0.051326 0.015244
56778 0.051326 0.015244
56779 0.051326 0.015244
56780 0.051326 0.015244
56781 0.051326 0.015244
56782 0.051326 0.015244
56783 0.051326 0.015244
56784 0.051112 0.015197
56785 0.051112 0.015197
56786 0.051112 0.015197
56787 0.051112 0.015197
56788 0.051112 0.015197
56789 0.051112 0.015197
56790 0.050759 0.015165
56791 0.050759 0.015165
56792 0.050759 0.015165
56793 0.050759 0.015165
56794 0.050759 0.015165
56795 0.050759 0.015165
56796 0.050759 0.015165
56797 0.050759 0.015165
56798 0.050759 0.015165
56799 0.050743 0.015134
56800 0.050743 0.015134
56801 0.050743 0.015134
56802 0.050743 0.015134
56803 0.050743 0.015134
56804 0.050402 0.014889
56805 0.050402 0.014889
56806 0.050355 0.014899
56807 0.050355 0.014899
56808 0.050355 0.014899
56809 0.050355 0.014899
56810 0.050355 0.014899
56811 0.050355 0.014838
56812 0.050251 0.014658
56813 0.050251 0.014658
56814 0.050251 0.014658
56815 0.050251 0.014658
56816 0.050251 0.014658
56817 0.050251 0.014658
56818 0.050251 0.014658
56819 0.050251 0.014658
56820 0.050251 0.014658
56821 0.050251 0.014658
56822 0.050251 0.014658
56823 0.050251 0.014658
56824 0.050251 0.014658
56825 0.050251 0.014658
56826 0.050251 0.014658
56827 0.050251 0.014658
56828 0.050251 0.014658
56829 0.050251 0.014658
56830 0.050251 0.014658
56831 0.050251 0.014658
56832 0.050251 0.014658
56833 0.050175 0.014577
56834 0.050175 0.014577
56835 0.050067 0.014531
56836 0.050067 0.014531
56837 0.050067 0.014531
56838 0.050067 0.014531
56839 0.050067 0.014531
56840 0.050067 0.014531
56841 0.050067 0.014531
56842 0.050067 0.014531
56843 0.050067 0.014531
56844 0.050067 0.014531
56845 0.050067 0.014531
56846 0.050034 0.014337
56847 0.050025 0.014350
56848 0.050025 0.014350
56849 0.050025 0.014350
56850 0.050025 0.014350
56851 0.050025 0.014350
56852 0.050025 0.014350
56853 0.050025 0.014350
56854 0.050003 0.014329
56855 0.050025 0.014346
56856 0.050025 0.014346
56857 0.050025 0.014346
56858 0.050025 0.014346
56859 0.050025 0.014346
56860 0.050025 0.014346
56861 0.050025 0.014346
56862 0.050025 0.014346
56863 0.050025 0.014346
56864 0.050025 0.014312
56865 0.050025 0.014312
56866 0.050025 0.014312
56867 0.050025 0.014312
56868 0.050025 0.014312
56869 0.050025 0.014312
56870 0.049987 0.014091
56871 0.049987 0.014091
56872 0.049987 0.014091
56873 0.049987 0.014091
56874 0.049987 0.014091
56875 0.049987 0.014091
56876 0.049987 0.014091
56877 0.049987 0.014091
56878 0.049987 0.014091
56879 0.049987 0.014091
56880 0.049987 0.014091
56881 0.049908 0.014091
56882 0.049954 0.014091
56883 0.049941 0.014076
56884 0.049941 0.014076
56885 0.049941 0.014076
56886 0.049941 0.014076
56887 0.049941 0.014076
56888 0.049941 0.014076
56889 0.049941 0.014076
56890 0.049941 0.014076
56891 0.049914 0.014052
56892 0.049882 0.014089
56893 0.049882 0.014089
56894 0.049882 0.014089
56895 0.049882 0.014089
56896 0.049882 0.014089
56897 0.049882 0.014089
56898 0.049882 0.014089
56899 0.049882 0.014089
56900 0.049882 0.014089
56901 0.049882 0.014089
56902 0.049882 0.014089
56903 0.049882 0.014089
56904 0.049851 0.014136
56905 0.049851 0.014136
56906 0.049851 0.014136
56907 0.049851 0.014136
56908 0.049851 0.014136
56909 0.049669 0.014201
56910 0.049669 0.014201
56911 0.049669 0.014201
56912 0.049669 0.014201
56913 0.049669 0.014201
56914 0.049669 0.014201
56915 0.049669 0.014201
56916 0.049669 0.014201
56917 0.049669 0.014201
56918 0.049669 0.014201
56919 0.049669 0.014201
56920 0.049669 0.014201
56921 0.049669 0.014201
56922 0.049669 0.014201
56923 0.049669 0.014201
56924 0.049669 0.014201
56925 0.049669 0.014201
56926 0.049640 0.014329
56927 0.049635 0.014312
56928 0.049635 0.014312
56929 0.049635 0.014312
56930 0.049635 0.014312
56931 0.049635 0.014312
56932 0.049635 0.014312
56933 0.049635 0.014312
56934 0.049544 0.014329
56935 0.049433 0.014218
56936 0.049433 0.014218
56937 0.049433 0.014218
56938 0.049941 0.014429
56939 0.049941 0.014429
56940 0.050193 0.014525
56941 0.050193 0.014525
56942 0.050193 0.014525
56943 0.050193 0.014525
56944 0.050193 0.014525
56945 0.050193 0.014525
56946 0.050193 0.014525
56947 0.050193 0.014525
56948 0.050193 0.014525
56949 0.050193 0.014525
56950 0.050193 0.014525
56951 0.050193 0.014525
56952 0.050193 0.014525
56953 0.050193 0.014525
56954 0.050193 0.014525
56955 0.050193 0.014525
56956 0.050193 0.014525
56957 0.050193 0.014525
56958 0.050193 0.014525
56959 0.050193 0.014525
56960 0.050193 0.014525
56961 0.050313 0.014587
56962 0.050432 0.014651
56963 0.050592 0.014758
56964 0.050592 0.014758
56965 0.050592 0.014758
56966 0.050592 0.014758
56967 0.050592 0.014758
56968 0.050592 0.014758
56969 0.050592 0.014758
56970 0.050592 0.014758
56971 0.050592 0.014758
56972 0.050592 0.014758
56973 0.051431 0.015135
56974 0.051766 0.015258
56975 0.051766 0.015258
56976 0.051766 0.015258
56977 0.051766 0.015258
56978 0.051766 0.015258
56979 0.051766 0.015258
56980 0.051766 0.015258
56981 0.051766 0.015258
56982 0.051766 0.015258
56983 0.051766 0.015258
56984 0.051803 0.015334
56985 0.051803 0.015334
56986 0.051803 0.015334
56987 0.051803 0.015334
56988 0.051803 0.015334
56989 0.052403 0.015850
56990 0.052403 0.015850
56991 0.052403 0.015850
56992 0.052403 0.015850
56993 0.052403 0.015850
56994 0.052403 0.015850
56995 0.052403 0.015850
56996 0.052403 0.015850
56997 0.052449 0.015753
56998 0.052449 0.015753
56999 0.052467 0.015852
57000 0.052467 0.015852
57001 0.052244 0.015634
57002 0.052244 0.015634
57003 0.052244 0.015634
57004 0.052244 0.015634
57005 0.052244 0.015634
57006 0.052244 0.015634
57007 0.052244 0.015634
57008 0.052244 0.015634
57009 0.052244 0.015634
57010 0.052244 0.015634
57011 0.052244 0.015634
57012 0.052244 0.015634
57013 0.052244 0.015634
57014 0.052244 0.015634
57015 0.052244 0.015634
57016 0.052244 0.015634
57017 0.052244 0.015634
57018 0.052467 0.015884
57019 0.052467 0.015884
57020 0.052499 0.015745
57021 0.052499 0.015745
57022 0.052499 0.015745
57023 0.052499 0.015745
57024 0.052499 0.015745
57025 0.052499 0.015745
57026 0.052499 0.015745
57027 0.052499 0.015745
57028 0.052499 0.015745
57029 0.052499 0.015745
57030 0.052499 0.015745
57031 0.052499 0.015745
57032 0.052541 0.015745
57033 0.052531 0.015753
57034 0.052531 0.015753
57035 0.052531 0.015753
57036 0.052531 0.015753
57037 0.052531 0.015753
57038 0.052531 0.015753
57039 0.052531 0.015753
57040 0.052531 0.015753
57041 0.052540 0.015910
57042 0.052540 0.015910
57043 0.052540 0.015910
57044 0.052540 0.015910
57045 0.052540 0.015910
57046 0.052540 0.015910
57047 0.052540 0.015910
57048 0.052540 0.015910
57049 0.052540 0.015910
57050 0.052540 0.015910
57051 0.052540 0.015910
57052 0.052540 0.015910
57053 0.052548 0.015935
57054 0.052241 0.015903
57055 0.052241 0.015903
57056 0.052241 0.015903
57057 0.052241 0.015903
57058 0.052241 0.015903
57059 0.052241 0.015903
57060 0.052241 0.015903
57061 0.052241 0.015903
57062 0.052241 0.015903
57063 0.052124 0.015743
57064 0.052124 0.015743
57065 0.052124 0.015739
57066 0.052124 0.015729
57067 0.052124 0.015729
57068 0.052124 0.015729
57069 0.052124 0.015729
57070 0.052124 0.015729
57071 0.052124 0.015729
57072 0.052124 0.015729
57073 0.052124 0.015729
57074 0.052124 0.015729
57075 0.052124 0.015729
57076 0.052124 0.015729
57077 0.052078 0.015741
57078 0.052078 0.015741
57079 0.052050 0.015693
57080 0.052050 0.015693
57081 0.052124 0.015943
57082 0.052124 0.015943
57083 0.052124 0.015943
57084 0.052124 0.015943
57085 0.052124 0.015943
57086 0.052124 0.015943
57087 0.052124 0.015943
57088 0.052124 0.015943
57089 0.052124 0.015943
57090 0.052124 0.015943
57091 0.052047 0.015865
57092 0.051994 0.015720
57093 0.051994 0.015720
57094 0.051994 0.015720
57095 0.051994 0.015720
57096 0.051994 0.015720
57097 0.051994 0.015720
57098 0.051994 0.015720
57099 0.051994 0.015720
57100 0.051994 0.015720
57101 0.051994 0.015720
57102 0.051994 0.015720
57103 0.051994 0.015720
57104 0.051994 0.015720
57105 0.051994 0.015720
57106 0.051994 0.015720
57107 0.051994 0.015720
57108 0.051994 0.015720
57109 0.051994 0.015720
57110 0.051994 0.015720
57111 0.051994 0.015720
57112 0.051911 0.015720
57113 0.051886 0.015693
57114 0.051886 0.015693
57115 0.051886 0.015693
57116 0.051886 0.015693
57117 0.051886 0.015693
57118 0.051886 0.015693
57119 0.051886 0.015693
57120 0.051886 0.015693
57121 0.051345 0.015416
57122 0.051073 0.015297
57123 0.051073 0.015297
57124 0.051073 0.015297
57125 0.051073 0.015297
57126 0.051073 0.015297
57127 0.051073 0.015297
57128 0.051073 0.015297
57129 0.051073 0.015297
57130 0.051073 0.015297
57131 0.051073 0.015297
57132 0.051073 0.015297
57133 0.051073 0.015297
57134 0.051073 0.015297
57135 0.051073 0.015297
57136 0.051073 0.015297
57137 0.051073 0.015297
57138 0.051073 0.015297
57139 0.051073 0.015297
57140 0.051073 0.015297
57141 0.051073 0.015297
57142 0.051073 0.015297
57143 0.050826 0.015022
57144 0.050826 0.015022
57145 0.050637 0.015022
57146 0.050603 0.015008
57147 0.050603 0.015008
57148 0.050603 0.015008
57149 0.050603 0.015008
57150 0.050603 0.015008
57151 0.050603 0.015008
57152 0.050603 0.015008
57153 0.050349 0.014799
57154 0.050372 0.014863
57155 0.050372 0.014863
57156 0.050381 0.014830
57157 0.050381 0.014830
57158 0.050381 0.014830
57159 0.050381 0.014830
57160 0.050381 0.014830
57161 0.050381 0.014830
57162 0.050381 0.014830
57163 0.050381 0.014830
57164 0.050381 0.014830
57165 0.050381 0.014830
57166 0.050381 0.014830
57167 0.050381 0.014830
57168 0.050381 0.014830
57169 0.050381 0.014830
57170 0.050381 0.014830
57171 0.050356 0.014799
57172 0.049962 0.014541
57173 0.049962 0.014541
57174 0.049962 0.014541
57175 0.049962 0.014541
57176 0.049962 0.014541
57177 0.049962 0.014541
57178 0.049962 0.014541
57179 0.049962 0.014541
57180 0.049962 0.014541
57181 0.049962 0.014541
57182 0.050233 0.014831
57183 0.050233 0.014831
57184 0.050233 0.014831
57185 0.050233 0.014831
57186 0.050233 0.014831
57187 0.050233 0.014831
57188 0.050233 0.014831
57189 0.050233 0.014831
57190 0.050656 0.015003
57191 0.051094 0.015330
57192 0.051094 0.015330
57193 0.051094 0.015330
57194 0.051094 0.015330
57195 0.051094 0.015330
57196 0.051094 0.015330
57197 0.051094 0.015330
57198 0.051094 0.015330
57199 0.051094 0.015330
57200 0.051094 0.015330
57201 0.051094 0.015330
57202 0.055263 0.018036
57203 0.055263 0.018036
57204 0.055263 0.018036
57205 0.055263 0.018036
57206 0.055263 0.018036
57207 0.055263 0.018036
57208 0.055263 0.018036
57209 0.055263 0.018036
57210 0.056951 0.021662
57211 0.056951 0.021662
57212 0.056951 0.021662
57213 0.056951 0.021662
57214 0.056951 0.021662
57215 0.056951 0.021662
57216 0.056951 0.021662
57217 0.056951 0.021662
57218 0.056951 0.021662
57219 0.056951 0.021662
57220 0.056951 0.021662
57221 0.056951 0.021662
57222 0.056951 0.021662
57223 0.056951 0.021662
57224 0.056951 0.021662
57225 0.056951 0.021662
57226 0.056951 0.021662
57227 0.056951 0.021662
57228 0.056951 0.021662
57229 0.056951 0.021662
57230 0.056951 0.021662
57231 0.056951 0.021662
57232 0.056951 0.021662
57233 0.057650 0.023422
57234 0.056683 0.021662
57235 0.056683 0.021662
57236 0.057247 0.022762
57237 0.057247 0.022762
57238 0.057247 0.022762
57239 0.057247 0.022762
57240 0.057247 0.022762
57241 0.057247 0.022762
57242 0.057247 0.022762
57243 0.057247 0.022762
57244 0.057247 0.022762
57245 0.057247 0.022762
57246 0.057247 0.022762
57247 0.057247 0.022762
57248 0.057247 0.022762
57249 0.057165 0.022549
57250 0.056972 0.022129
57251 0.056972 0.022129
57252 0.056972 0.022129
57253 0.056972 0.022129
57254 0.056951 0.022335
57255 0.056951 0.022335
57256 0.056951 0.022335
57257 0.056951 0.022335
57258 0.056951 0.022335
57259 0.056951 0.022335
57260 0.056951 0.022335
57261 0.056951 0.022335
57262 0.056683 0.022335
57263 0.056683 0.022335
57264 0.056683 0.022335
57265 0.056683 0.022335
57266 0.056683 0.022335
57267 0.056193 0.021874
57268 0.055250 0.020235
57269 0.055250 0.020235
57270 0.052336 0.016738
57271 0.050785 0.015785
57272 0.050785 0.015785
57273 0.050785 0.015785
57274 0.050785 0.015785
57275 0.050785 0.015785
57276 0.050785 0.015785
57277 0.050611 0.015685
57278 0.050611 0.015685
57279 0.050611 0.015685
57280 0.050611 0.015685
57281 0.050611 0.015685
57282 0.050611 0.015685
57283 0.050611 0.015685
57284 0.050611 0.015685
57285 0.050611 0.015685
57286 0.050611 0.015685
57287 0.050611 0.015685
57288 0.050611 0.015685
57289 0.050611 0.015685
57290 0.049889 0.014650
57291 0.049889 0.014650
57292 0.049889 0.014650
57293 0.049889 0.014650
57294 0.049889 0.014650
57295 0.049889 0.014650
57296 0.050056 0.014747
57297 0.050017 0.014592
57298 0.050017 0.014592
57299 0.050017 0.014592
57300 0.050017 0.014592
57301 0.050017 0.014592
57302 0.050017 0.014592
57303 0.050017 0.014592
57304 0.050017 0.014592
57305 0.049974 0.014533
57306 0.049974 0.014533
57307 0.049974 0.014533
57308 0.049974 0.014533
57309 0.049974 0.014533
57310 0.049974 0.014533
57311 0.049974 0.014533
57312 0.049974 0.014533
57313 0.050017 0.014543
57314 0.050304 0.014845
57315 0.050304 0.014845
57316 0.050304 0.014845
57317 0.050304 0.014845
57318 0.050304 0.014845
57319 0.050304 0.014845
57320 0.050304 0.014845
57321 0.050304 0.014845
57322 0.050304 0.014845
57323 0.050304 0.014845
57324 0.050304 0.014845
57325 0.050332 0.014908
57326 0.050332 0.014908
57327 0.050332 0.014908
57328 0.050332 0.014908
57329 0.050333 0.014902
57330 0.050010 0.014774
57331 0.050010 0.014774
57332 0.050010 0.014774
57333 0.050010 0.014774
57334 0.050099 0.014721
57335 0.050099 0.014721
57336 0.050099 0.014721
57337 0.050152 0.014826
57338 0.050279 0.014835
57339 0.050331 0.014721
57340 0.050331 0.014721
57341 0.050331 0.014721
57342 0.050331 0.014721
57343 0.050331 0.014721
57344 0.050331 0.014721
57345 0.050331 0.014721
57346 0.050331 0.014721
57347 0.050332 0.014816
57348 0.050203 0.014661
57349 0.050203 0.014661
57350 0.050203 0.014661
57351 0.050203 0.014661
57352 0.050203 0.014661
57353 0.050203 0.014661
57354 0.050203 0.014661
57355 0.050203 0.014661
57356 0.050326 0.014816
57357 0.050326 0.014721
57358 0.050326 0.014721
57359 0.050579 0.014908
57360 0.050579 0.014908
57361 0.050579 0.014908
57362 0.050579 0.014908
57363 0.050579 0.014908
57364 0.050579 0.014908
57365 0.050579 0.014908
57366 0.050579 0.014908
57367 0.050579 0.014938
57368 0.050579 0.014938
57369 0.050579 0.014938
57370 0.050579 0.014938
57371 0.050579 0.014938
57372 0.050579 0.014938
57373 0.050579 0.014938
57374 0.050579 0.014938
57375 0.050579 0.014938
57376 0.050527 0.014915
57377 0.050671 0.015100
57378 0.050671 0.015100
57379 0.050671 0.015100
57380 0.050671 0.015100
57381 0.050671 0.015100
57382 0.050671 0.015100
57383 0.050671 0.015100
57384 0.050671 0.015100
57385 0.050794 0.015114
57386 0.050794 0.015114
57387 0.050794 0.015114
57388 0.050794 0.015114
57389 0.050794 0.015114
57390 0.050794 0.015114
57391 0.050794 0.015114
57392 0.050794 0.015114
57393 0.050867 0.015118
57394 0.050897 0.015138
57395 0.050897 0.015138
57396 0.050897 0.015138
57397 0.051155 0.015160
57398 0.051155 0.015160
57399 0.051155 0.015160
57400 0.050869 0.015148
57401 0.050869 0.015148
57402 0.050869 0.015148
57403 0.050869 0.015148
57404 0.050869 0.015148
57405 0.050871 0.015160
57406 0.050871 0.015160
57407 0.050871 0.015160
57408 0.050871 0.015160
57409 0.050871 0.015160
57410 0.051406 0.015467
57411 0.051406 0.015467
57412 0.051406 0.015467
57413 0.051406 0.015467
57414 0.051406 0.015467
57415 0.051406 0.015467
57416 0.051406 0.015467
57417 0.051411 0.015410
57418 0.051415 0.015467
57419 0.051029 0.015348
57420 0.050897 0.015342
57421 0.050897 0.015342
57422 0.050539 0.015165
57423 0.050539 0.015165
57424 0.050539 0.015165
57425 0.050539 0.015165
57426 0.050539 0.015165
57427 0.050539 0.015165
57428 0.050539 0.015165
57429 0.050539 0.015165
57430 0.050539 0.015165
57431 0.050539 0.015165
57432 0.050539 0.015165
57433 0.050539 0.015165
57434 0.050539 0.015165
57435 0.050539 0.015165
57436 0.050499 0.015159
57437 0.050499 0.015159
57438 0.050499 0.015159
57439 0.049967 0.014756
57440 0.049967 0.014756
57441 0.049967 0.014756
57442 0.049967 0.014756
57443 0.049967 0.014756
57444 0.049967 0.014756
57445 0.049967 0.014756
57446 0.049967 0.014756
57447 0.049873 0.014709
57448 0.050155 0.014768
57449 0.050155 0.014768
57450 0.050115 0.014694
57451 0.050078 0.014680
57452 0.050078 0.014680
57453 0.050078 0.014680
57454 0.050078 0.014680
57455 0.050078 0.014680
57456 0.050078 0.014680
57457 0.049981 0.014707
57458 0.049981 0.014707
57459 0.049981 0.014707
57460 0.049981 0.014707
57461 0.049981 0.014707
57462 0.049981 0.014707
57463 0.049981 0.014707
57464 0.049981 0.014707
57465 0.049981 0.014707
57466 0.049981 0.014707
57467 0.049981 0.014707
57468 0.049981 0.014707
57469 0.049981 0.014707
57470 0.049981 0.014707
57471 0.049981 0.014707
57472 0.049981 0.014707
57473 0.049882 0.014680
57474 0.049653 0.014651
57475 0.049653 0.014651
57476 0.049653 0.014651
57477 0.049553 0.014625
57478 0.049553 0.014625
57479 0.049553 0.014651
57480 0.049583 0.014640
57481 0.049583 0.014640
57482 0.049754 0.014676
57483 0.049784 0.014680
57484 0.049873 0.014694
57485 0.049873 0.014694
57486 0.049873 0.014694
57487 0.049873 0.014694
57488 0.049873 0.014694
57489 0.049873 0.014694
57490 0.049873 0.014694
57491 0.049873 0.014694
57492 0.049873 0.014694
57493 0.049873 0.014694
57494 0.049873 0.014694
57495 0.049873 0.014694
57496 0.049873 0.014694
57497 0.049873 0.014694
57498 0.049873 0.014694
57499 0.049973 0.014766
57500 0.049977 0.014768
57501 0.049977 0.014768
57502 0.050199 0.014809
57503 0.050199 0.014809
57504 0.050199 0.014809
57505 0.050199 0.014809
57506 0.050199 0.014809
57507 0.050199 0.014809
57508 0.050199 0.014809
57509 0.050199 0.014809
57510 0.050199 0.014809
57511 0.050214 0.014916
57512 0.050296 0.015061
57513 0.050296 0.015061
57514 0.050296 0.015061
57515 0.050296 0.015061
57516 0.050296 0.015061
57517 0.050296 0.015061
57518 0.050296 0.015061
57519 0.050296 0.015061
57520 0.050296 0.015061
57521 0.050296 0.015061
57522 0.050296 0.015061
57523 0.050296 0.015061
57524 0.050296 0.015061
57525 0.050249 0.015069
57526 0.050249 0.015069
57527 0.050249 0.015069
57528 0.050199 0.015098
57529 0.050199 0.015098
57530 0.050214 0.015131
57531 0.050227 0.015228
57532 0.050227 0.015228
57533 0.050227 0.015228
57534 0.050227 0.015228
57535 0.050227 0.015228
57536 0.050227 0.015228
57537 0.050294 0.015374
57538 0.050294 0.015374
57539 0.050294 0.015374
57540 0.050272 0.015572
57541 0.050197 0.015452
57542 0.050197 0.015452
57543 0.050197 0.015452
57544 0.050197 0.015452
57545 0.050197 0.015452
57546 0.050235 0.015531
57547 0.050207 0.015498
57548 0.050207 0.015498
57549 0.050207 0.015498
57550 0.050207 0.015498
57551 0.050207 0.015498
57552 0.050207 0.015498
57553 0.050207 0.015498
57554 0.050207 0.015498
57555 0.050207 0.015498
57556 0.050207 0.015498
57557 0.050207 0.015498
57558 0.050207 0.015498
57559 0.050230 0.015583
57560 0.050230 0.015583
57561 0.050230 0.015583
57562 0.050244 0.015581
57563 0.050246 0.015572
57564 0.050205 0.015531
57565 0.050205 0.015531
57566 0.050205 0.015531
57567 0.050205 0.015531
57568 0.050205 0.015531
57569 0.050205 0.015531
57570 0.050205 0.015531
57571 0.050205 0.015531
57572 0.050205 0.015531
57573 0.050195 0.015588
57574 0.050230 0.015650
57575 0.050331 0.015710
57576 0.050387 0.015652
57577 0.050387 0.015652
57578 0.050387 0.015652
57579 0.050387 0.015652
57580 0.050387 0.015652
57581 0.050387 0.015652
57582 0.050387 0.015652
57583 0.050387 0.015652
57584 0.050387 0.015652
57585 0.050387 0.015652
57586 0.050387 0.015652
57587 0.050387 0.015652
57588 0.050387 0.015652
57589 0.050387 0.015652
57590 0.050387 0.015652
57591 0.050513 0.015794
57592 0.050249 0.015774
57593 0.050249 0.015774
57594 0.050249 0.015774
57595 0.050249 0.015774
57596 0.050249 0.015774
57597 0.050249 0.015774
57598 0.050249 0.015774
57599 0.050249 0.015774
57600 0.050249 0.015774
57601 0.050249 0.015774
57602 0.050249 0.015774
57603 0.050249 0.015774
57604 0.050249 0.015774
57605 0.050543 0.015764
57606 0.050543 0.015764
57607 0.050776 0.015811
57608 0.050815 0.015803
57609 0.050815 0.015803
57610 0.050817 0.015896
57611 0.050829 0.015897
57612 0.050863 0.015897
57613 0.050863 0.015897
57614 0.050863 0.015897
57615 0.050863 0.015897
57616 0.050863 0.015897
57617 0.050863 0.015897
57618 0.050863 0.015897
57619 0.050863 0.015897
57620 0.050872 0.015909
57621 0.051053 0.016154
57622 0.051053 0.016154
57623 0.051053 0.016154
57624 0.051053 0.016154
57625 0.051053 0.016154
57626 0.051053 0.016123
57627 0.051072 0.016229
57628 0.051072 0.016229
57629 0.051072 0.016229
57630 0.051072 0.016229
57631 0.051072 0.016229
57632 0.051072 0.016229
57633 0.051072 0.016229
57634 0.051055 0.016295
57635 0.050977 0.016468
57636 0.051053 0.016538
57637 0.051053 0.016538
57638 0.051053 0.016538
57639 0.051053 0.016538
57640 0.051015 0.016511
57641 0.051054 0.016599
57642 0.051055 0.016659
57643 0.051053 0.016659
57644 0.051053 0.016659
57645 0.051053 0.016659
57646 0.051053 0.016659
57647 0.051053 0.016659
57648 0.051053 0.016659
57649 0.051053 0.016659
57650 0.051053 0.016659
57651 0.051053 0.016659
57652 0.051053 0.016659
57653 0.051100 0.016666
57654 0.051055 0.016673
57655 0.051053 0.016673
57656 0.051207 0.016799
57657 0.051207 0.016799
57658 0.051207 0.016799
57659 0.051207 0.016799
57660 0.051207 0.016799
57661 0.051207 0.016799
57662 0.051249 0.016814
57663 0.051259 0.016836
57664 0.051259 0.016836
57665 0.051301 0.017065
57666 0.051301 0.017065
57667 0.051326 0.017083
57668 0.051326 0.017083
57669 0.051326 0.017083
57670 0.051301 0.017036
57671 0.051301 0.017036
57672 0.051326 0.017047
57673 0.051326 0.017047
57674 0.051358 0.017083
57675 0.051358 0.017083
57676 0.051326 0.017083
57677 0.051326 0.017083
57678 0.051326 0.017083
57679 0.051326 0.017083
57680 0.051326 0.017083
57681 0.051326 0.017083
57682 0.051326 0.017083
57683 0.051326 0.017083
57684 0.051326 0.017083
57685 0.051342 0.017127
57686 0.051342 0.017127
57687 0.051402 0.017179
57688 0.051325 0.017220
57689 0.051325 0.017220
57690 0.051301 0.017209
57691 0.051389 0.017232
57692 0.051325 0.017233
57693 0.051325 0.017233
57694 0.051461 0.017285
57695 0.051419 0.017299
57696 0.051419 0.017299
57697 0.051419 0.017299
57698 0.051419 0.017299
57699 0.051419 0.017299
57700 0.051419 0.017299
57701 0.051379 0.017277
57702 0.051379 0.017277
57703 0.051379 0.017277
57704 0.051400 0.017299
57705 0.051400 0.017299
57706 0.051277 0.017209
57707 0.051277 0.017209
57708 0.051277 0.017209
57709 0.051277 0.017209
57710 0.051277 0.017209
57711 0.051277 0.017209
57712 0.051277 0.017209
57713 0.051277 0.017209
57714 0.051277 0.017198
57715 0.051400 0.017161
57716 0.051400 0.017161
57717 0.051400 0.017161
57718 0.051400 0.017161
57719 0.051400 0.017161
57720 0.051410 0.017185
57721 0.051410 0.017215
57722 0.051419 0.017232
57723 0.051503 0.017274
57724 0.051503 0.017274
57725 0.051995 0.017351
57726 0.051995 0.017351
57727 0.051938 0.017348
57728 0.051938 0.017348
57729 0.051966 0.017365
57730 0.051966 0.017365
57731 0.051966 0.017365
57732 0.051966 0.017365
57733 0.051966 0.017365
57734 0.051966 0.017365
57735 0.051966 0.017365
57736 0.051966 0.017365
57737 0.051966 0.017365
57738 0.051966 0.017365
57739 0.051966 0.017365
57740 0.051966 0.017365
57741 0.051966 0.017365
57742 0.051966 0.017365
57743 0.051901 0.017323
57744 0.051901 0.017323
57745 0.051901 0.017270
57746 0.051901 0.017270
57747 0.051865 0.017266
57748 0.051865 0.017266
57749 0.051865 0.017266
57750 0.051966 0.017285
57751 0.051966 0.017285
57752 0.052028 0.017297
57753 0.052028 0.017297
57754 0.051995 0.017297
57755 0.052012 0.017275
57756 0.052028 0.017274
57757 0.051547 0.017165
57758 0.051547 0.017165
57759 0.051547 0.017165
57760 0.051547 0.017165
57761 0.051547 0.017165
57762 0.051547 0.017165
57763 0.051547 0.017165
57764 0.051469 0.017118
57765 0.051469 0.017118
57766 0.051469 0.017118
57767 0.051469 0.017118
57768 0.051469 0.017118
57769 0.051469 0.017118
57770 0.051469 0.017118
57771 0.051400 0.016971
57772 0.051400 0.016971
57773 0.051400 0.016971
57774 0.051259 0.016719
57775 0.051226 0.016660
57776 0.051226 0.016660
57777 0.051226 0.016660
57778 0.051226 0.016660
57779 0.051226 0.016660
57780 0.051226 0.016660
57781 0.051259 0.016553
57782 0.051259 0.016553
57783 0.051259 0.016553
57784 0.051252 0.016521
57785 0.051252 0.016521
57786 0.051736 0.016966
57787 0.051736 0.016966
57788 0.051736 0.016966
57789 0.051736 0.016966
57790 0.051736 0.016977
57791 0.051736 0.016966
57792 0.051736 0.016966
57793 0.051736 0.016966
57794 0.051736 0.016966
57795 0.051736 0.016966
57796 0.051916 0.017009
57797 0.051859 0.016930
57798 0.051859 0.016930
57799 0.051859 0.016930
57800 0.051859 0.016930
57801 0.051859 0.016930
57802 0.051859 0.016930
57803 0.051859 0.016930
57804 0.051859 0.016930
57805 0.051451 0.016783
57806 0.051451 0.016783
57807 0.051451 0.016783
57808 0.051451 0.016783
57809 0.051370 0.016633
57810 0.051370 0.016633
57811 0.051370 0.016633
57812 0.051370 0.016633
57813 0.051370 0.016633
57814 0.051370 0.016633
57815 0.051370 0.016633
57816 0.051370 0.016633
57817 0.051370 0.016633
57818 0.051244 0.016763
57819 0.051244 0.016763
57820 0.051451 0.016637
57821 0.051502 0.016642
57822 0.051502 0.016642
57823 0.051502 0.016642
57824 0.051502 0.016642
57825 0.051502 0.016642
57826 0.051502 0.016642
57827 0.051502 0.016642
57828 0.051502 0.016642
57829 0.051502 0.016642
57830 0.051502 0.016642
57831 0.051502 0.016642
57832 0.051502 0.016642
57833 0.051502 0.016642
57834 0.051502 0.016642
57835 0.051486 0.016637
57836 0.051502 0.016633
57837 0.051875 0.016879
57838 0.051875 0.016879
57839 0.051875 0.016879
57840 0.051875 0.016879
57841 0.051875 0.016879
57842 0.051875 0.016879
57843 0.051875 0.016879
57844 0.051966 0.016894
57845 0.051966 0.016894
57846 0.051966 0.016894
57847 0.051889 0.016879
57848 0.051889 0.016879
57849 0.051889 0.016879
57850 0.051889 0.016879
57851 0.051889 0.016879
57852 0.051889 0.016879
57853 0.051889 0.016896
57854 0.051557 0.016894
57855 0.051557 0.016894
57856 0.051557 0.016894
57857 0.051557 0.016894
57858 0.051557 0.016894
57859 0.051557 0.016894
57860 0.051557 0.016894
57861 0.051557 0.016894
57862 0.051557 0.016894
57863 0.051557 0.016894
57864 0.051557 0.016894
57865 0.051557 0.016894
57866 0.051557 0.016894
57867 0.051557 0.016894
57868 0.051557 0.016894
57869 0.051557 0.016894
57870 0.051557 0.016877
57871 0.051557 0.016866
57872 0.051557 0.016866
57873 0.051557 0.016866
57874 0.051557 0.016866
57875 0.051555 0.016894
57876 0.051315 0.016820
57877 0.051315 0.016867
57878 0.051315 0.016867
57879 0.051315 0.016867
57880 0.051315 0.016867
57881 0.051315 0.016867
57882 0.051315 0.016867
57883 0.051286 0.016548
57884 0.051286 0.016548
57885 0.051286 0.016548
57886 0.051286 0.016548
57887 0.051286 0.016548
57888 0.051286 0.016548
57889 0.051245 0.016567
57890 0.051245 0.016567
57891 0.051245 0.016567
57892 0.051245 0.016567
57893 0.051245 0.016567
57894 0.051245 0.016567
57895 0.051245 0.016567
57896 0.051245 0.016567
57897 0.051245 0.016567
57898 0.051294 0.016470
57899 0.051294 0.016470
57900 0.051171 0.016504
57901 0.050994 0.016470
57902 0.050994 0.016470
57903 0.050994 0.016470
57904 0.050994 0.016470
57905 0.050994 0.016470
57906 0.050994 0.016470
57907 0.050994 0.016470
57908 0.050994 0.016470
57909 0.050994 0.016470
57910 0.050994 0.016470
57911 0.050994 0.016470
57912 0.050994 0.016470
57913 0.050994 0.016470
57914 0.050994 0.016470
57915 0.050994 0.016470
57916 0.050994 0.016470
57917 0.050994 0.016470
57918 0.050994 0.016470
57919 0.050994 0.016470
57920 0.050994 0.016470
57921 0.050994 0.016470
57922 0.050994 0.016470
57923 0.050994 0.016470
57924 0.050994 0.016470
57925 0.050994 0.016470
57926 0.050994 0.016470
57927 0.050758 0.016415
57928 0.050758 0.016415
